112 2302
9 112 15
71 112 15
19 71 6
58 112 0
58 85 7
44 58 12
55 112 14
83 112 9
39 83 10
23 71 3
44 100 11
44 66 11
24 39 9
94 112 14
24 68 5
99 112 0
1 85 6
18 44 2
53 66 6
24 49 8
23 46 3
17 18 1
63 83 3
18 72 11
52 63 15
43 100 10
72 103 9
20 68 14
23 84 2
1 101 8
1 15 8
9 88 12
49 82 5
42 68 10
84 108 11
73 108 3
41 53 13
55 70 8
37 46 12
1 26 9
40 49 9
19 51 10
47 108 11
61 82 15
24 28 6
28 34 13
5 34 1
22 34 11
33 108 14
50 94 8
19 56 10
18 93 8
38 50 1
88 96 4
26 91 2
33 81 4
30 51 4
5 21 3
36 96 2
57 81 10
94 104 7
46 75 7
97 104 3
56 64 9
59 94 8
91 102 5
25 81 6
21 54 2
7 42 1
74 102 6
49 89 9
85 105 9
69 102 13
76 84 11
31 88 2
10 23 12
59 98 8
14 112 0
12 46 5
35 74 6
67 91 11
18 45 6
92 105 10
3 47 0
5 79 15
18 29 12
6 55 10
48 88 10
37 110 1
13 48 1
16 36 14
25 106 9
90 92 9
102 107 14
13 78 12
34 62 5
71 109 7
4 79 11
18 77 15
81 86 8
50 65 9
90 111 6
32 98 3
10 27 3
2 27 11
10 95 8
11 12 15
60 99 12
87 93 11
8 110 4
5 80 2
88 108 9
75 89 5
27 78 15
98 108 3
37 106 15
97 112 13
70 98 8
10 66 6
16 52 10
41 54 2
78 100 3
9 53 15
21 32 12
39 40 10
30 50 0
103 104 4
89 93 0
49 95 1
71 95 15
55 103 1
105 112 10
75 106 9
79 100 11
103 109 0
72 111 8
29 55 13
34 108 6
91 97 15
72 78 5
73 75 9
45 46 9
59 86 9
83 96 6
104 111 11
85 108 3
85 96 14
93 104 15
68 111 13
8 70 0
13 79 6
85 87 10
30 109 2
8 94 8
104 105 9
3 15 10
20 54 2
55 88 5
35 92 14
18 30 5
66 106 15
54 83 6
49 94 2
29 84 13
63 87 1
28 89 5
23 100 4
14 101 14
4 9 0
73 79 4
4 29 14
19 84 5
12 92 11
15 47 13
90 98 1
56 96 12
67 79 12
80 97 8
66 108 1
92 100 5
65 87 8
35 109 10
9 10 0
79 96 11
26 58 0
83 103 7
6 107 5
31 105 0
81 82 4
104 108 4
10 58 4
47 95 4
64 99 6
17 75 11
92 106 0
96 101 0
51 74 4
93 96 2
70 102 15
39 71 10
109 111 1
47 63 4
103 112 4
5 26 3
106 110 4
43 46 1
102 109 9
11 55 14
28 32 4
94 95 9
49 66 11
68 80 2
92 102 14
23 47 15
50 107 13
22 100 9
99 109 1
110 112 10
40 98 2
14 106 7
102 108 2
56 77 14
50 86 10
50 70 8
17 93 11
22 47 5
63 66 0
88 106 7
37 81 13
46 57 4
79 80 0
79 101 9
32 67 0
66 95 1
20 71 6
63 109 11
37 63 9
46 70 3
101 111 9
53 56 8
58 77 14
35 95 0
16 66 3
66 70 5
101 106 3
20 52 11
18 54 3
56 69 4
52 102 6
75 110 6
33 106 6
6 43 12
77 86 15
1 90 10
87 91 6
64 98 2
30 46 0
18 79 3
28 65 15
4 5 14
88 99 11
40 77 14
44 77 13
43 103 10
53 54 13
84 110 6
19 73 10
33 60 7
27 97 5
37 94 2
36 50 7
53 91 13
66 88 5
35 65 15
67 71 4
4 54 6
7 100 2
110 111 2
87 92 0
29 69 10
49 79 0
14 66 1
30 94 9
1 35 4
35 41 14
80 87 15
67 102 8
103 111 15
23 59 9
10 79 0
69 99 1
8 90 13
14 71 11
78 90 7
47 68 10
39 67 6
57 101 10
69 106 8
33 42 8
8 10 7
25 45 0
68 89 13
78 81 6
62 93 11
67 103 4
23 51 0
44 102 9
52 55 12
46 85 15
22 98 9
20 72 4
80 83 4
44 96 5
29 39 5
83 87 4
102 104 10
56 107 11
89 111 14
50 84 11
73 104 10
40 96 4
7 27 9
77 106 8
32 101 8
79 107 14
97 99 6
58 95 8
94 107 11
105 107 9
9 83 0
31 69 0
56 84 6
9 82 2
59 78 0
109 112 2
40 47 12
5 86 3
77 112 14
39 101 9
100 101 12
2 78 10
3 102 7
39 73 10
43 58 10
37 101 5
66 96 13
78 87 1
38 110 8
56 67 12
54 78 3
25 62 7
66 104 14
101 102 15
2 63 14
18 103 12
99 103 13
66 100 1
30 88 10
12 73 0
93 108 10
105 111 5
93 98 14
32 82 7
81 100 7
83 109 8
69 103 11
37 80 12
90 110 0
84 92 10
13 49 10
111 112 8
96 99 14
28 95 0
45 54 2
107 108 3
96 103 4
8 43 10
90 107 5
7 97 9
13 34 12
47 97 12
108 111 3
40 46 8
60 111 8
22 94 0
13 102 7
55 80 3
14 86 15
42 59 7
4 95 6
92 112 5
104 110 5
9 110 9
58 96 4
22 105 5
24 37 8
79 95 2
85 100 8
75 93 10
8 107 13
58 88 11
89 107 1
106 111 7
54 80 15
27 52 2
43 104 14
64 66 15
24 110 7
94 97 6
72 109 10
85 107 0
60 86 1
95 100 0
58 78 10
74 107 13
107 109 5
13 88 4
84 86 15
54 56 10
63 103 2
13 105 7
35 55 9
71 76 12
81 92 0
37 84 6
75 82 12
48 54 14
17 80 5
89 109 11
69 90 14
84 105 15
25 68 1
17 103 15
40 110 15
34 38 5
18 70 12
106 112 8
62 81 2
93 109 8
90 95 8
15 22 4
53 60 14
104 109 14
64 93 6
77 82 3
81 96 8
75 78 15
81 105 1
47 52 10
72 112 12
107 112 3
90 100 3
21 60 11
17 43 7
63 101 3
55 97 3
19 76 3
20 108 2
82 105 6
64 97 10
20 80 7
91 112 15
80 103 3
72 98 2
28 61 4
31 78 2
8 111 3
70 92 14
63 73 11
18 42 12
99 101 14
85 89 10
46 73 12
54 104 12
44 48 10
94 108 4
95 97 10
42 103 14
40 59 14
80 101 4
51 61 15
70 83 9
96 112 8
77 80 6
3 101 15
102 112 0
17 47 2
51 60 5
98 106 4
34 52 2
42 72 12
64 109 9
72 82 4
25 35 13
27 105 7
10 31 13
11 27 3
82 93 2
50 63 13
103 108 3
86 89 1
80 98 15
65 99 6
79 105 4
95 112 14
29 67 10
33 98 8
56 80 11
47 105 5
35 76 4
65 88 2
65 73 11
30 64 12
62 66 15
43 49 6
26 68 1
63 90 7
21 104 14
106 109 11
94 111 13
54 67 10
54 64 0
10 80 10
57 77 14
92 111 4
11 88 10
95 110 14
100 102 4
6 69 2
16 56 2
97 102 15
3 44 1
85 101 8
61 78 1
82 110 5
95 102 7
94 109 1
9 100 8
96 111 14
65 89 3
2 16 2
18 96 12
92 104 6
1 63 5
44 83 3
57 66 10
86 110 12
47 65 13
6 87 7
20 99 4
15 66 14
56 108 12
47 62 6
46 99 14
105 106 14
59 92 12
13 65 14
84 107 3
102 106 13
49 98 1
89 96 7
20 30 3
54 112 2
59 101 6
27 95 12
44 50 15
46 106 6
55 87 13
80 82 2
13 43 1
7 83 0
67 104 7
70 73 1
92 110 9
71 92 10
20 38 12
41 82 3
25 55 10
89 112 5
61 64 2
67 107 5
31 89 10
77 88 13
8 86 6
17 38 10
12 109 15
102 105 8
84 88 8
94 105 5
89 94 12
79 88 3
67 74 15
66 72 15
41 106 9
79 104 7
98 104 15
62 65 0
63 94 4
29 90 0
6 39 11
12 89 6
70 103 2
53 64 6
83 104 10
29 80 13
75 97 0
25 44 4
73 110 1
12 87 14
77 87 0
86 111 14
73 87 2
65 71 1
30 111 0
21 42 14
44 97 9
38 68 1
88 101 4
51 56 15
98 102 9
97 110 0
87 95 6
65 104 13
62 71 4
31 64 9
39 112 8
41 110 4
77 109 13
18 86 9
33 104 10
5 66 0
14 49 4
47 56 14
70 99 12
34 53 2
26 28 15
62 86 12
51 111 7
31 34 7
101 104 12
89 91 11
60 70 1
85 92 13
44 70 0
14 43 14
105 110 11
19 59 10
94 96 10
56 104 14
80 102 13
64 90 3
71 98 1
82 90 13
8 40 10
29 56 7
7 70 4
94 106 2
41 62 5
9 75 7
26 76 1
90 96 1
9 57 0
4 19 7
27 42 1
51 69 13
71 79 7
97 105 12
92 95 3
68 76 5
51 99 13
42 44 13
81 84 8
56 57 5
33 55 8
76 86 1
20 23 13
75 98 10
95 108 8
37 82 15
39 86 7
25 43 0
36 57 13
6 60 5
88 107 13
26 72 6
14 72 3
29 99 5
63 65 6
19 39 4
5 19 7
9 92 14
49 110 10
45 67 3
16 39 0
67 89 9
57 82 10
29 101 13
17 22 12
68 107 7
51 103 3
60 97 5
19 31 12
23 82 12
62 99 6
21 29 1
74 91 9
105 108 12
19 62 12
6 78 8
3 76 2
102 103 3
78 85 8
50 53 5
36 79 4
74 80 9
4 20 10
45 84 2
71 107 9
81 108 5
16 58 9
5 7 0
80 95 3
99 107 11
101 108 4
34 72 10
80 91 15
60 89 12
90 112 11
92 96 6
67 73 8
76 107 3
54 63 6
70 75 10
93 112 10
38 101 5
94 101 11
6 79 5
57 79 14
98 103 7
78 82 7
34 111 8
9 109 13
43 64 9
42 63 4
106 108 2
97 98 2
7 14 3
70 96 1
24 77 1
81 111 1
10 84 10
11 13 10
104 106 2
18 55 6
82 88 11
56 88 2
37 77 5
51 57 2
44 64 11
73 98 4
37 98 4
7 43 9
74 97 14
31 111 15
32 46 9
62 96 11
52 58 5
17 73 11
21 102 2
40 55 15
22 95 9
14 102 5
56 86 14
26 33 5
109 110 4
33 61 9
97 111 9
28 88 0
56 90 5
42 55 10
32 70 5
68 71 9
75 90 10
95 96 8
30 45 10
52 89 11
98 99 12
80 96 5
39 98 13
51 66 12
17 48 13
73 102 2
43 62 9
86 104 6
79 86 0
18 88 13
108 109 11
68 84 15
65 80 4
16 23 4
21 38 10
7 107 13
93 110 4
90 106 13
74 89 5
84 101 14
103 105 8
53 67 14
65 108 6
89 99 7
38 59 5
28 60 15
88 95 11
62 64 10
9 63 1
19 109 11
104 107 9
86 95 4
1 11 2
3 35 1
32 97 14
89 92 3
40 97 9
28 30 0
82 91 2
67 86 4
20 89 11
69 72 11
85 103 5
45 76 15
12 68 15
59 105 3
107 111 15
100 112 0
93 100 2
100 104 8
18 59 3
72 102 15
27 50 15
42 49 15
70 106 9
105 109 7
23 99 10
96 106 1
9 40 12
62 97 13
69 71 1
20 96 3
91 98 15
31 47 5
103 107 5
83 111 4
9 38 6
2 52 9
47 60 7
58 107 9
74 111 3
45 110 9
62 70 7
17 97 5
95 99 14
99 108 4
30 82 0
28 35 0
44 80 6
55 95 6
15 107 1
100 107 3
46 58 15
9 35 9
101 112 10
6 98 14
34 45 10
33 66 15
19 68 0
60 64 7
85 99 15
56 101 6
59 79 8
80 92 15
33 93 13
35 80 13
41 56 10
1 47 5
27 72 8
23 98 12
7 102 7
91 103 13
74 103 13
81 112 0
74 83 12
42 91 11
71 75 15
33 41 13
58 72 14
77 89 15
58 62 10
32 86 10
34 87 13
45 98 13
45 64 3
55 90 3
12 25 4
6 63 14
7 90 15
35 106 1
65 86 12
46 47 13
34 71 9
56 59 5
84 87 8
4 12 12
57 100 3
61 85 13
58 109 13
44 87 5
62 107 7
36 105 9
35 110 1
31 86 1
5 37 12
8 112 0
34 35 10
8 23 14
99 105 15
8 102 15
58 97 14
34 76 7
20 75 3
91 93 0
26 83 3
39 42 11
37 61 4
46 93 5
108 110 0
36 76 11
52 68 15
46 54 0
1 70 12
91 110 5
62 100 4
97 100 2
8 81 8
19 106 6
86 107 8
57 105 2
57 88 2
11 62 4
55 57 15
2 84 11
92 94 6
13 89 1
83 108 8
23 69 6
53 57 9
53 55 2
33 45 14
37 43 9
36 45 3
31 74 7
69 112 8
101 110 12
15 96 3
85 97 2
31 109 3
13 47 5
47 103 5
91 104 11
16 49 7
22 93 12
96 97 14
97 101 9
47 78 13
70 95 8
48 82 7
78 107 7
46 76 4
22 108 12
46 90 6
3 28 14
72 74 12
91 109 1
8 12 7
65 76 6
20 102 5
99 111 14
35 91 7
51 79 1
91 106 12
74 104 0
41 43 13
54 100 6
82 83 10
94 99 2
59 61 11
80 85 0
71 82 4
41 108 8
60 94 11
68 73 10
47 54 6
28 49 4
50 59 6
69 89 4
20 34 3
42 95 9
10 83 8
88 111 11
73 86 7
17 69 8
51 100 15
40 66 11
27 53 6
104 112 12
42 96 6
40 75 15
24 54 11
20 107 14
20 24 5
41 112 11
3 21 11
40 41 5
79 99 7
36 43 13
80 109 15
62 84 6
11 23 0
77 90 12
72 93 5
54 62 4
87 99 14
79 89 5
39 102 0
15 68 14
18 36 6
2 101 15
15 34 15
48 79 10
20 55 5
83 97 2
10 101 14
48 78 6
27 86 1
10 70 10
81 110 9
46 65 1
15 20 7
34 68 9
62 110 7
32 91 2
79 82 1
94 100 9
19 70 8
22 63 10
99 100 13
14 87 12
63 78 15
2 56 1
6 45 13
61 110 13
89 103 14
102 111 4
53 87 9
87 106 10
45 74 9
15 93 5
68 81 3
14 99 5
53 89 4
51 71 15
22 23 12
42 90 8
75 107 6
44 74 14
13 100 9
76 96 10
41 71 11
30 81 11
42 52 14
51 89 4
44 82 0
30 99 3
69 91 5
35 43 4
82 89 1
49 65 5
7 67 1
59 90 9
25 28 9
11 33 1
26 44 9
84 95 7
95 106 9
41 88 3
7 46 12
19 88 14
80 106 1
61 74 14
98 101 5
8 89 10
8 68 9
64 84 4
63 64 3
87 103 12
49 56 2
93 102 3
42 100 2
95 101 4
76 77 2
72 97 9
3 36 6
90 104 14
34 65 1
74 79 5
77 101 4
35 52 12
51 53 7
97 103 13
51 107 10
42 77 9
3 61 0
34 81 2
83 84 8
27 36 11
23 90 11
95 109 14
18 76 10
31 36 13
24 43 3
23 97 13
81 95 1
108 112 2
44 72 15
59 75 1
17 82 1
3 38 4
24 61 7
1 99 7
71 80 13
48 63 15
76 111 10
32 60 15
39 68 2
54 82 4
57 75 9
37 85 9
102 110 15
15 43 12
29 64 5
61 70 9
20 90 12
55 68 2
88 100 7
51 77 15
56 109 9
4 83 2
94 98 14
101 105 5
87 108 14
92 107 9
97 109 6
30 41 5
61 73 15
71 102 3
56 76 5
56 95 8
79 94 6
37 86 9
80 105 10
31 85 9
81 87 11
9 71 9
58 99 6
86 112 8
13 91 15
8 30 1
10 48 3
4 55 2
3 48 6
44 56 9
79 87 0
101 109 9
57 111 14
58 73 8
80 94 3
35 112 1
93 97 7
54 97 7
9 39 9
83 110 14
5 71 1
2 31 2
35 50 11
53 68 9
87 104 5
36 98 12
93 101 12
49 60 15
1 62 7
15 55 1
92 98 0
37 99 8
30 108 6
51 96 7
87 88 8
62 92 15
51 91 12
101 107 13
76 90 10
69 95 11
12 66 9
26 74 3
61 111 8
16 89 13
96 110 3
70 86 8
38 62 5
41 76 3
48 77 3
42 108 12
69 79 13
20 78 3
50 62 10
31 93 1
46 102 4
3 5 0
61 92 5
50 61 3
33 103 10
14 26 4
34 44 3
75 95 11
33 89 0
69 111 14
57 76 2
62 98 6
37 53 14
48 86 2
87 98 1
35 64 5
95 105 4
4 107 2
65 107 4
81 102 0
83 106 1
15 102 1
27 35 1
96 108 15
48 106 10
76 110 11
100 108 0
27 80 12
75 102 7
7 58 14
8 25 4
97 106 9
44 106 12
28 57 0
90 93 15
61 69 11
15 94 14
50 97 6
48 92 5
8 105 2
55 69 5
13 111 13
18 34 0
86 102 15
17 100 12
39 53 7
31 102 12
39 58 0
71 86 8
35 96 8
25 69 4
74 100 6
44 85 3
14 53 6
13 62 3
9 94 9
1 49 4
93 107 1
21 30 12
3 18 7
6 27 4
41 46 14
20 43 12
92 109 14
39 76 8
91 107 2
38 96 3
12 70 13
21 28 13
40 104 15
44 94 6
9 20 12
23 83 13
36 42 10
36 99 13
58 102 12
27 30 11
39 54 12
17 55 4
30 37 0
68 78 2
74 98 5
27 106 2
71 87 10
29 53 15
14 78 12
103 110 6
27 40 15
82 103 9
58 98 4
43 66 4
90 109 2
5 82 1
21 96 2
87 105 11
57 112 11
6 56 10
96 104 3
76 102 1
67 96 5
3 34 13
101 103 4
60 100 10
88 109 1
41 65 15
11 16 0
37 102 12
7 64 15
78 109 9
45 90 2
61 101 10
36 103 15
46 95 14
98 112 4
32 64 9
81 85 1
12 97 8
73 103 14
55 71 3
38 56 13
31 60 10
19 24 10
61 79 4
57 67 6
60 85 11
75 79 3
4 85 11
57 104 14
70 72 7
17 89 0
41 90 3
29 97 4
35 97 15
60 87 9
26 63 14
86 108 11
2 11 15
73 96 11
79 110 15
96 107 9
21 94 13
56 65 10
5 91 10
86 100 9
30 98 10
29 108 12
32 48 14
88 110 5
14 54 7
52 53 8
54 111 11
45 102 9
49 103 12
98 105 6
11 34 13
50 106 5
99 106 14
59 104 10
50 88 3
31 38 9
72 81 4
24 29 11
75 92 3
81 99 3
19 45 4
11 73 0
22 87 6
74 81 0
9 96 3
71 73 5
43 75 10
1 51 7
36 52 2
52 105 0
22 74 1
73 95 9
81 104 4
26 42 3
2 55 9
52 62 12
14 103 1
29 81 15
98 109 5
70 93 14
49 78 14
29 66 13
11 45 3
27 37 8
55 64 8
3 90 1
56 83 11
36 93 4
84 104 3
26 39 5
77 97 14
98 107 0
50 81 5
24 82 6
25 76 10
21 61 10
47 71 1
11 93 1
32 49 14
78 79 0
10 97 9
17 111 6
1 89 6
16 69 13
61 65 2
79 97 11
38 55 3
28 43 10
4 25 3
85 94 12
25 49 12
42 112 0
39 48 5
39 66 13
65 66 11
52 95 12
56 111 12
43 110 4
73 99 14
72 73 13
24 56 10
13 33 0
66 81 7
43 53 9
16 21 6
57 64 10
38 97 2
71 104 2
80 89 6
6 84 13
14 28 5
40 50 14
14 51 5
22 107 11
62 78 13
66 111 2
70 94 9
90 102 15
3 14 6
35 61 6
91 100 2
1 23 0
2 3 9
33 77 15
3 71 14
55 83 15
79 90 9
43 65 5
90 105 4
34 83 7
55 85 4
65 112 2
55 84 9
6 94 5
18 102 2
21 25 14
26 90 4
88 103 11
18 37 11
76 88 2
87 111 12
1 16 1
1 7 1
45 60 7
62 104 10
69 100 12
33 107 3
16 98 7
24 72 8
40 84 1
73 105 9
93 94 11
65 74 1
89 90 11
6 101 2
25 48 15
65 67 0
65 82 10
62 82 13
6 82 9
77 93 7
13 99 4
12 19 11
24 112 13
77 104 1
59 85 4
44 49 7
45 103 2
63 76 10
14 88 6
10 11 10
86 97 3
54 107 4
37 57 1
37 96 7
16 31 13
19 99 1
64 111 6
73 101 15
10 33 13
30 97 7
45 49 15
74 76 0
3 58 11
85 90 7
16 30 14
22 41 11
5 73 2
28 107 15
20 110 12
39 44 1
33 87 8
23 78 5
13 98 10
64 79 8
13 73 5
46 53 4
23 70 1
43 86 6
41 75 2
30 54 0
61 93 10
82 87 10
3 41 10
51 67 5
9 87 1
91 108 13
62 109 4
67 100 3
17 77 0
69 84 5
107 110 8
5 11 8
21 111 11
85 112 5
54 58 3
22 62 14
15 33 15
25 78 10
8 17 15
4 63 3
24 89 7
63 91 7
84 103 0
1 82 14
18 63 9
5 107 12
16 61 6
62 80 2
38 72 3
53 58 12
1 79 5
21 95 13
13 72 6
8 42 12
49 93 7
72 101 3
96 98 3
76 82 4
65 109 9
60 74 14
20 29 5
56 98 2
30 87 0
6 54 14
2 59 9
37 71 15
6 24 8
36 58 11
53 71 10
52 96 9
39 100 0
32 112 14
63 89 10
23 66 9
83 88 4
72 79 11
43 76 8
6 64 12
26 98 15
48 76 2
17 39 7
10 88 6
31 35 7
14 100 8
10 77 12
61 109 13
21 77 6
59 62 6
74 105 2
56 60 13
30 96 7
17 46 1
6 35 15
44 93 13
69 92 10
45 89 5
41 77 12
27 100 1
98 110 15
52 75 14
8 16 2
8 97 9
83 102 1
78 86 2
97 108 12
27 38 6
55 59 11
60 68 2
14 44 9
27 85 8
67 95 8
85 95 10
25 32 7
86 88 1
1 78 5
21 86 8
64 104 11
77 105 4
13 93 13
27 39 1
59 63 9
77 78 2
66 109 0
23 43 3
27 57 10
16 55 2
4 48 10
71 101 11
87 97 10
67 106 13
23 62 1
53 94 0
73 78 13
25 53 7
44 76 4
72 80 10
60 102 8
67 108 12
78 97 7
72 88 8
76 112 0
91 95 14
50 55 15
75 111 11
52 90 4
59 96 8
37 48 3
83 105 9
28 82 13
67 77 14
54 96 2
100 103 1
35 51 8
35 82 2
13 81 14
55 108 3
84 93 15
64 107 9
27 75 5
89 97 1
68 70 10
3 45 13
25 54 12
56 102 4
22 73 10
16 106 2
36 59 3
100 111 6
53 74 15
69 107 13
44 67 13
19 93 15
38 73 2
24 90 3
74 95 10
6 18 10
13 75 13
2 57 6
48 61 5
9 23 15
26 47 11
91 105 2
7 38 11
45 55 9
25 61 0
96 100 1
7 17 13
71 111 8
12 105 11
79 103 3
32 73 9
53 95 6
14 22 10
36 40 0
51 76 3
66 82 13
25 31 3
52 76 6
72 85 14
76 104 12
77 98 10
73 91 5
40 89 8
93 106 8
33 44 9
93 103 9
26 104 6
43 107 12
2 70 11
49 83 2
17 20 12
94 102 8
23 60 15
20 97 6
28 70 14
85 98 0
49 80 15
13 23 7
49 87 9
10 25 5
60 106 10
62 103 0
84 111 2
46 49 11
37 49 7
46 109 0
31 56 6
57 62 14
28 46 6
55 76 1
87 101 13
40 70 12
83 85 6
58 63 9
100 105 5
92 99 4
1 92 12
57 65 1
18 35 10
16 74 12
54 99 15
8 53 1
55 82 14
40 78 13
72 84 11
80 110 13
37 92 2
22 36 8
27 102 9
13 45 11
60 73 14
65 90 2
38 77 6
20 63 15
48 87 1
24 31 4
5 33 4
44 107 1
88 97 1
15 18 7
37 44 7
29 34 6
19 95 2
7 76 9
21 63 10
96 109 3
21 26 12
67 92 13
45 111 4
7 89 3
57 83 4
20 56 14
61 87 12
49 99 11
14 81 14
34 103 10
32 45 1
57 94 14
16 45 3
6 52 13
13 32 0
80 93 10
87 96 10
95 103 8
31 84 12
56 93 10
62 76 4
87 107 15
2 61 1
78 104 14
26 43 0
20 37 6
6 8 12
28 108 4
76 98 7
77 110 14
6 15 1
68 112 7
71 74 10
39 104 4
41 103 7
44 53 12
57 63 3
54 69 10
69 98 6
24 105 9
23 76 0
43 82 2
26 35 12
80 104 2
84 90 7
42 61 10
3 42 4
13 42 5
8 83 5
71 78 14
49 111 11
59 110 10
100 106 7
12 101 2
61 107 5
24 92 9
47 55 5
17 112 5
26 51 15
82 111 10
99 102 0
36 104 3
25 82 7
50 66 5
22 52 2
47 102 8
82 95 14
90 94 13
57 90 15
40 94 2
23 106 3
33 49 6
16 104 8
57 95 6
36 48 4
38 109 7
84 99 0
12 72 4
87 90 1
52 72 13
38 91 13
76 87 10
82 84 0
99 110 0
83 89 5
13 38 3
32 57 12
16 102 8
65 75 8
15 64 12
8 13 6
17 44 15
49 96 3
25 67 13
46 52 2
61 102 1
33 38 8
25 65 5
38 80 11
58 75 13
15 106 5
61 67 13
32 63 0
37 109 4
49 73 7
59 74 9
64 103 13
30 67 13
85 110 12
11 95 2
27 110 11
15 89 2
21 49 4
38 49 1
98 111 7
82 98 6
95 111 13
85 106 10
12 81 12
23 79 13
1 19 1
93 95 4
83 100 8
36 102 3
100 110 14
46 74 6
3 53 11
63 93 7
17 96 12
103 106 7
15 63 13
7 56 5
76 95 15
4 84 8
33 79 11
8 106 10
59 83 11
48 97 6
34 98 0
72 76 5
60 61 11
30 66 9
38 45 15
64 95 7
18 41 13
15 38 8
66 77 10
78 98 6
77 108 5
10 107 1
4 24 10
44 78 10
86 101 15
2 62 13
71 103 8
79 102 9
10 99 2
39 94 0
29 45 4
18 27 6
18 80 8
27 82 12
41 101 6
12 38 6
26 78 4
56 89 9
7 82 12
59 73 14
19 64 15
64 92 8
40 71 12
21 65 10
5 65 4
40 63 13
62 73 4
28 109 7
33 37 13
29 104 8
16 105 4
51 93 13
74 101 11
86 93 7
38 78 0
68 85 9
46 84 6
70 110 6
61 89 4
54 109 15
52 54 10
21 70 3
64 65 10
48 72 5
71 72 14
69 108 5
48 52 11
68 110 2
53 93 9
61 103 12
82 101 15
17 23 2
49 53 9
8 76 3
18 66 15
74 112 5
30 80 8
75 104 15
43 94 2
15 35 1
23 88 11
70 112 4
27 28 13
41 61 5
81 83 14
43 45 13
26 49 12
10 60 3
37 78 10
67 87 9
65 111 6
44 61 12
43 85 1
37 103 10
90 99 0
10 90 2
18 99 9
47 94 3
5 94 6
18 67 14
91 99 14
42 110 8
48 90 1
4 51 10
38 100 15
53 79 7
17 101 13
15 69 15
50 91 8
31 82 13
76 100 6
24 88 8
80 88 12
6 16 9
9 101 5
11 39 12
33 90 5
31 100 7
8 47 15
86 90 6
86 92 4
19 97 7
41 48 0
69 70 15
9 60 9
59 67 12
76 106 6
60 105 15
24 26 5
34 48 2
41 49 11
4 94 14
23 54 15
26 105 12
59 77 2
22 77 2
84 102 8
78 106 3
16 80 6
1 44 3
72 90 8
38 104 8
18 110 15
19 86 8
41 73 12
76 101 0
13 26 12
29 93 6
84 98 11
81 97 9
64 105 12
50 58 7
39 78 6
71 85 15
8 57 5
33 111 8
80 81 14
14 50 13
72 108 8
65 77 4
55 98 3
56 68 4
38 43 13
70 111 11
28 31 7
70 82 15
34 109 10
51 87 4
31 67 0
14 55 2
49 101 12
24 57 12
85 91 11
30 53 6
5 8 12
77 94 9
87 112 12
42 66 6
10 82 14
5 42 1
26 77 9
10 39 0
15 48 0
22 45 13
29 68 12
7 35 1
16 103 11
14 39 3
40 82 10
20 70 1
66 67 5
58 76 12
12 98 9
67 70 1
2 82 15
59 87 13
30 34 5
12 61 8
5 101 13
58 74 7
9 41 13
62 108 14
43 73 1
45 92 2
61 98 10
81 89 5
9 68 10
22 40 12
82 94 9
19 98 3
68 69 3
33 74 3
23 25 7
53 65 6
78 108 4
10 34 4
67 112 2
37 107 14
34 82 11
48 55 3
19 53 5
18 109 4
40 108 6
66 91 14
82 99 4
8 65 5
58 68 12
30 77 3
79 108 7
76 83 0
41 45 6
29 105 14
61 99 11
44 88 7
23 55 1
87 100 0
38 105 5
16 109 9
24 36 10
63 85 4
63 86 4
46 88 10
70 85 10
20 101 12
70 71 14
50 85 12
75 101 5
64 94 0
68 86 12
63 67 6
15 58 13
17 51 8
36 60 11
90 108 9
75 87 7
36 46 11
48 104 13
45 109 12
50 102 12
44 45 8
77 100 3
19 36 11
36 64 3
6 58 6
46 63 4
16 100 2
10 87 2
65 83 9
21 109 3
32 89 9
35 59 13
55 104 3
56 79 7
4 104 5
29 58 11
92 93 1
39 41 2
66 78 11
36 81 14
34 88 10
12 35 12
45 72 1
56 73 10
31 55 7
52 106 6
12 88 15
68 87 2
106 107 14
52 91 2
44 68 12
96 102 5
64 112 5
86 103 7
16 90 3
34 56 12
33 76 6
25 94 7
73 100 7
35 78 2
41 84 10
2 109 8
9 84 11
26 107 14
2 13 7
80 100 10
9 93 2
36 100 11
49 75 11
45 86 0
19 66 10
10 106 2
34 55 4
48 100 6
25 90 14
7 28 13
82 109 10
4 58 9
27 112 13
56 91 10
12 100 4
44 92 7
72 83 11
18 89 0
9 18 11
82 102 15
12 85 2
55 65 13
44 59 7
61 76 0
41 42 7
32 47 10
22 55 6
72 94 15
62 105 5
48 89 8
49 62 8
16 110 3
44 60 15
41 79 3
93 111 11
84 112 6
7 59 2
93 99 12
64 106 3
69 78 11
84 94 3
35 56 8
50 57 10
48 70 11
97 107 9
77 84 2
5 29 15
10 93 0
11 28 4
34 112 2
15 82 10
40 45 0
37 62 4
34 96 2
48 64 5
11 19 13
90 91 5
5 63 5
49 74 12
87 102 8
76 80 15
3 40 12
28 110 3
98 100 6
65 96 6
88 92 4
63 104 7
25 26 6
30 59 5
51 88 1
7 72 7
74 94 12
76 81 12
14 67 11
576 2162
1 2
1 25
1 26
2 25
2 3
2 26
2 27
3 26
3 4
3 27
3 28
4 27
4 5
4 28
4 29
5 28
5 6
5 29
5 30
6 29
6 7
6 30
6 31
7 30
7 8
7 31
7 32
8 31
8 9
8 32
8 33
9 32
9 10
9 33
9 34
10 33
10 11
10 34
10 35
11 34
11 12
11 35
11 36
12 35
12 13
12 36
12 37
13 36
13 14
13 37
13 38
14 37
14 15
14 38
14 39
15 38
15 16
15 39
15 40
16 39
16 17
16 40
16 41
17 40
17 18
17 41
17 42
18 41
18 19
18 42
18 43
19 42
19 20
19 43
19 44
20 43
20 21
20 44
20 45
21 44
21 22
21 45
21 46
22 45
22 23
22 46
22 47
23 46
23 24
23 47
23 48
24 47
25 26
25 49
25 50
26 49
26 27
26 50
26 51
27 50
27 28
27 51
27 52
28 51
28 29
28 52
28 53
29 52
29 30
29 53
29 54
30 53
30 31
30 54
30 55
31 54
31 32
31 55
31 56
32 55
32 33
32 56
32 57
33 56
33 34
33 57
33 58
34 57
34 35
34 58
34 59
35 58
35 36
35 59
35 60
36 59
36 37
36 60
36 61
37 60
37 38
37 61
37 62
38 61
38 39
38 62
38 63
39 62
39 40
39 63
39 64
40 63
40 41
40 64
40 65
41 64
41 42
41 65
41 66
42 65
42 43
42 66
42 67
43 66
43 44
43 67
43 68
44 67
44 45
44 68
44 69
45 68
45 46
45 69
45 70
46 69
46 47
46 70
46 71
47 70
47 48
47 71
47 72
48 71
49 50
49 73
49 74
50 73
50 51
50 74
50 75
51 74
51 52
51 75
51 76
52 75
52 53
52 76
52 77
53 76
53 54
53 77
53 78
54 77
54 55
54 78
54 79
55 78
55 56
55 79
55 80
56 79
56 57
56 80
56 81
57 80
57 58
57 81
57 82
58 81
58 59
58 82
58 83
59 82
59 60
59 83
59 84
60 83
60 61
60 84
60 85
61 84
61 62
61 85
61 86
62 85
62 63
62 86
62 87
63 86
63 64
63 87
63 88
64 87
64 65
64 88
64 89
65 88
65 66
65 89
65 90
66 89
66 67
66 90
66 91
67 90
67 68
67 91
67 92
68 91
68 69
68 92
68 93
69 92
69 70
69 93
69 94
70 93
70 71
70 94
70 95
71 94
71 72
71 95
71 96
72 95
73 74
73 97
73 98
74 97
74 75
74 98
74 99
75 98
75 76
75 99
75 100
76 99
76 77
76 100
76 101
77 100
77 78
77 101
77 102
78 101
78 79
78 102
78 103
79 102
79 80
79 103
79 104
80 103
80 81
80 104
80 105
81 104
81 82
81 105
81 106
82 105
82 83
82 106
82 107
83 106
83 84
83 107
83 108
84 107
84 85
84 108
84 109
85 108
85 86
85 109
85 110
86 109
86 87
86 110
86 111
87 110
87 88
87 111
87 112
88 111
88 89
88 112
88 113
89 112
89 90
89 113
89 114
90 113
90 91
90 114
90 115
91 114
91 92
91 115
91 116
92 115
92 93
92 116
92 117
93 116
93 94
93 117
93 118
94 117
94 95
94 118
94 119
95 118
95 96
95 119
95 120
96 119
97 98
97 121
97 122
98 121
98 99
98 122
98 123
99 122
99 100
99 123
99 124
100 123
100 101
100 124
100 125
101 124
101 102
101 125
101 126
102 125
102 103
102 126
102 127
103 126
103 104
103 127
103 128
104 127
104 105
104 128
104 129
105 128
105 106
105 129
105 130
106 129
106 107
106 130
106 131
107 130
107 108
107 131
107 132
108 131
108 109
108 132
108 133
109 132
109 110
109 133
109 134
110 133
110 111
110 134
110 135
111 134
111 112
111 135
111 136
112 135
112 113
112 136
112 137
113 136
113 114
113 137
113 138
114 137
114 115
114 138
114 139
115 138
115 116
115 139
115 140
116 139
116 117
116 140
116 141
117 140
117 118
117 141
117 142
118 141
118 119
118 142
118 143
119 142
119 120
119 143
119 144
120 143
121 122
121 145
121 146
122 145
122 123
122 146
122 147
123 146
123 124
123 147
123 148
124 147
124 125
124 148
124 149
125 148
125 126
125 149
125 150
126 149
126 127
126 150
126 151
127 150
127 128
127 151
127 152
128 151
128 129
128 152
128 153
129 152
129 130
129 153
129 154
130 153
130 131
130 154
130 155
131 154
131 132
131 155
131 156
132 155
132 133
132 156
132 157
133 156
133 134
133 157
133 158
134 157
134 135
134 158
134 159
135 158
135 136
135 159
135 160
136 159
136 137
136 160
136 161
137 160
137 138
137 161
137 162
138 161
138 139
138 162
138 163
139 162
139 140
139 163
139 164
140 163
140 141
140 164
140 165
141 164
141 142
141 165
141 166
142 165
142 143
142 166
142 167
143 166
143 144
143 167
143 168
144 167
145 146
145 169
145 170
146 169
146 147
146 170
146 171
147 170
147 148
147 171
147 172
148 171
148 149
148 172
148 173
149 172
149 150
149 173
149 174
150 173
150 151
150 174
150 175
151 174
151 152
151 175
151 176
152 175
152 153
152 176
152 177
153 176
153 154
153 177
153 178
154 177
154 155
154 178
154 179
155 178
155 156
155 179
155 180
156 179
156 157
156 180
156 181
157 180
157 158
157 181
157 182
158 181
158 159
158 182
158 183
159 182
159 160
159 183
159 184
160 183
160 161
160 184
160 185
161 184
161 162
161 185
161 186
162 185
162 163
162 186
162 187
163 186
163 164
163 187
163 188
164 187
164 165
164 188
164 189
165 188
165 166
165 189
165 190
166 189
166 167
166 190
166 191
167 190
167 168
167 191
167 192
168 191
169 170
169 193
169 194
170 193
170 171
170 194
170 195
171 194
171 172
171 195
171 196
172 195
172 173
172 196
172 197
173 196
173 174
173 197
173 198
174 197
174 175
174 198
174 199
175 198
175 176
175 199
175 200
176 199
176 177
176 200
176 201
177 200
177 178
177 201
177 202
178 201
178 179
178 202
178 203
179 202
179 180
179 203
179 204
180 203
180 181
180 204
180 205
181 204
181 182
181 205
181 206
182 205
182 183
182 206
182 207
183 206
183 184
183 207
183 208
184 207
184 185
184 208
184 209
185 208
185 186
185 209
185 210
186 209
186 187
186 210
186 211
187 210
187 188
187 211
187 212
188 211
188 189
188 212
188 213
189 212
189 190
189 213
189 214
190 213
190 191
190 214
190 215
191 214
191 192
191 215
191 216
192 215
193 194
193 217
193 218
194 217
194 195
194 218
194 219
195 218
195 196
195 219
195 220
196 219
196 197
196 220
196 221
197 220
197 198
197 221
197 222
198 221
198 199
198 222
198 223
199 222
199 200
199 223
199 224
200 223
200 201
200 224
200 225
201 224
201 202
201 225
201 226
202 225
202 203
202 226
202 227
203 226
203 204
203 227
203 228
204 227
204 205
204 228
204 229
205 228
205 206
205 229
205 230
206 229
206 207
206 230
206 231
207 230
207 208
207 231
207 232
208 231
208 209
208 232
208 233
209 232
209 210
209 233
209 234
210 233
210 211
210 234
210 235
211 234
211 212
211 235
211 236
212 235
212 213
212 236
212 237
213 236
213 214
213 237
213 238
214 237
214 215
214 238
214 239
215 238
215 216
215 239
215 240
216 239
217 218
217 241
217 242
218 241
218 219
218 242
218 243
219 242
219 220
219 243
219 244
220 243
220 221
220 244
220 245
221 244
221 222
221 245
221 246
222 245
222 223
222 246
222 247
223 246
223 224
223 247
223 248
224 247
224 225
224 248
224 249
225 248
225 226
225 249
225 250
226 249
226 227
226 250
226 251
227 250
227 228
227 251
227 252
228 251
228 229
228 252
228 253
229 252
229 230
229 253
229 254
230 253
230 231
230 254
230 255
231 254
231 232
231 255
231 256
232 255
232 233
232 256
232 257
233 256
233 234
233 257
233 258
234 257
234 235
234 258
234 259
235 258
235 236
235 259
235 260
236 259
236 237
236 260
236 261
237 260
237 238
237 261
237 262
238 261
238 239
238 262
238 263
239 262
239 240
239 263
239 264
240 263
241 242
241 265
241 266
242 265
242 243
242 266
242 267
243 266
243 244
243 267
243 268
244 267
244 245
244 268
244 269
245 268
245 246
245 269
245 270
246 269
246 247
246 270
246 271
247 270
247 248
247 271
247 272
248 271
248 249
248 272
248 273
249 272
249 250
249 273
249 274
250 273
250 251
250 274
250 275
251 274
251 252
251 275
251 276
252 275
252 253
252 276
252 277
253 276
253 254
253 277
253 278
254 277
254 255
254 278
254 279
255 278
255 256
255 279
255 280
256 279
256 257
256 280
256 281
257 280
257 258
257 281
257 282
258 281
258 259
258 282
258 283
259 282
259 260
259 283
259 284
260 283
260 261
260 284
260 285
261 284
261 262
261 285
261 286
262 285
262 263
262 286
262 287
263 286
263 264
263 287
263 288
264 287
265 266
265 289
265 290
266 289
266 267
266 290
266 291
267 290
267 268
267 291
267 292
268 291
268 269
268 292
268 293
269 292
269 270
269 293
269 294
270 293
270 271
270 294
270 295
271 294
271 272
271 295
271 296
272 295
272 273
272 296
272 297
273 296
273 274
273 297
273 298
274 297
274 275
274 298
274 299
275 298
275 276
275 299
275 300
276 299
276 277
276 300
276 301
277 300
277 278
277 301
277 302
278 301
278 279
278 302
278 303
279 302
279 280
279 303
279 304
280 303
280 281
280 304
280 305
281 304
281 282
281 305
281 306
282 305
282 283
282 306
282 307
283 306
283 284
283 307
283 308
284 307
284 285
284 308
284 309
285 308
285 286
285 309
285 310
286 309
286 287
286 310
286 311
287 310
287 288
287 311
287 312
288 311
289 290
289 313
289 314
290 313
290 291
290 314
290 315
291 314
291 292
291 315
291 316
292 315
292 293
292 316
292 317
293 316
293 294
293 317
293 318
294 317
294 295
294 318
294 319
295 318
295 296
295 319
295 320
296 319
296 297
296 320
296 321
297 320
297 298
297 321
297 322
298 321
298 299
298 322
298 323
299 322
299 300
299 323
299 324
300 323
300 301
300 324
300 325
301 324
301 302
301 325
301 326
302 325
302 303
302 326
302 327
303 326
303 304
303 327
303 328
304 327
304 305
304 328
304 329
305 328
305 306
305 329
305 330
306 329
306 307
306 330
306 331
307 330
307 308
307 331
307 332
308 331
308 309
308 332
308 333
309 332
309 310
309 333
309 334
310 333
310 311
310 334
310 335
311 334
311 312
311 335
311 336
312 335
313 314
313 337
313 338
314 337
314 315
314 338
314 339
315 338
315 316
315 339
315 340
316 339
316 317
316 340
316 341
317 340
317 318
317 341
317 342
318 341
318 319
318 342
318 343
319 342
319 320
319 343
319 344
320 343
320 321
320 344
320 345
321 344
321 322
321 345
321 346
322 345
322 323
322 346
322 347
323 346
323 324
323 347
323 348
324 347
324 325
324 348
324 349
325 348
325 326
325 349
325 350
326 349
326 327
326 350
326 351
327 350
327 328
327 351
327 352
328 351
328 329
328 352
328 353
329 352
329 330
329 353
329 354
330 353
330 331
330 354
330 355
331 354
331 332
331 355
331 356
332 355
332 333
332 356
332 357
333 356
333 334
333 357
333 358
334 357
334 335
334 358
334 359
335 358
335 336
335 359
335 360
336 359
337 338
337 361
337 362
338 361
338 339
338 362
338 363
339 362
339 340
339 363
339 364
340 363
340 341
340 364
340 365
341 364
341 342
341 365
341 366
342 365
342 343
342 366
342 367
343 366
343 344
343 367
343 368
344 367
344 345
344 368
344 369
345 368
345 346
345 369
345 370
346 369
346 347
346 370
346 371
347 370
347 348
347 371
347 372
348 371
348 349
348 372
348 373
349 372
349 350
349 373
349 374
350 373
350 351
350 374
350 375
351 374
351 352
351 375
351 376
352 375
352 353
352 376
352 377
353 376
353 354
353 377
353 378
354 377
354 355
354 378
354 379
355 378
355 356
355 379
355 380
356 379
356 357
356 380
356 381
357 380
357 358
357 381
357 382
358 381
358 359
358 382
358 383
359 382
359 360
359 383
359 384
360 383
361 362
361 385
361 386
362 385
362 363
362 386
362 387
363 386
363 364
363 387
363 388
364 387
364 365
364 388
364 389
365 388
365 366
365 389
365 390
366 389
366 367
366 390
366 391
367 390
367 368
367 391
367 392
368 391
368 369
368 392
368 393
369 392
369 370
369 393
369 394
370 393
370 371
370 394
370 395
371 394
371 372
371 395
371 396
372 395
372 373
372 396
372 397
373 396
373 374
373 397
373 398
374 397
374 375
374 398
374 399
375 398
375 376
375 399
375 400
376 399
376 377
376 400
376 401
377 400
377 378
377 401
377 402
378 401
378 379
378 402
378 403
379 402
379 380
379 403
379 404
380 403
380 381
380 404
380 405
381 404
381 382
381 405
381 406
382 405
382 383
382 406
382 407
383 406
383 384
383 407
383 408
384 407
385 386
385 409
385 410
386 409
386 387
386 410
386 411
387 410
387 388
387 411
387 412
388 411
388 389
388 412
388 413
389 412
389 390
389 413
389 414
390 413
390 391
390 414
390 415
391 414
391 392
391 415
391 416
392 415
392 393
392 416
392 417
393 416
393 394
393 417
393 418
394 417
394 395
394 418
394 419
395 418
395 396
395 419
395 420
396 419
396 397
396 420
396 421
397 420
397 398
397 421
397 422
398 421
398 399
398 422
398 423
399 422
399 400
399 423
399 424
400 423
400 401
400 424
400 425
401 424
401 402
401 425
401 426
402 425
402 403
402 426
402 427
403 426
403 404
403 427
403 428
404 427
404 405
404 428
404 429
405 428
405 406
405 429
405 430
406 429
406 407
406 430
406 431
407 430
407 408
407 431
407 432
408 431
409 410
409 433
409 434
410 433
410 411
410 434
410 435
411 434
411 412
411 435
411 436
412 435
412 413
412 436
412 437
413 436
413 414
413 437
413 438
414 437
414 415
414 438
414 439
415 438
415 416
415 439
415 440
416 439
416 417
416 440
416 441
417 440
417 418
417 441
417 442
418 441
418 419
418 442
418 443
419 442
419 420
419 443
419 444
420 443
420 421
420 444
420 445
421 444
421 422
421 445
421 446
422 445
422 423
422 446
422 447
423 446
423 424
423 447
423 448
424 447
424 425
424 448
424 449
425 448
425 426
425 449
425 450
426 449
426 427
426 450
426 451
427 450
427 428
427 451
427 452
428 451
428 429
428 452
428 453
429 452
429 430
429 453
429 454
430 453
430 431
430 454
430 455
431 454
431 432
431 455
431 456
432 455
433 434
433 457
433 458
434 457
434 435
434 458
434 459
435 458
435 436
435 459
435 460
436 459
436 437
436 460
436 461
437 460
437 438
437 461
437 462
438 461
438 439
438 462
438 463
439 462
439 440
439 463
439 464
440 463
440 441
440 464
440 465
441 464
441 442
441 465
441 466
442 465
442 443
442 466
442 467
443 466
443 444
443 467
443 468
444 467
444 445
444 468
444 469
445 468
445 446
445 469
445 470
446 469
446 447
446 470
446 471
447 470
447 448
447 471
447 472
448 471
448 449
448 472
448 473
449 472
449 450
449 473
449 474
450 473
450 451
450 474
450 475
451 474
451 452
451 475
451 476
452 475
452 453
452 476
452 477
453 476
453 454
453 477
453 478
454 477
454 455
454 478
454 479
455 478
455 456
455 479
455 480
456 479
457 458
457 481
457 482
458 481
458 459
458 482
458 483
459 482
459 460
459 483
459 484
460 483
460 461
460 484
460 485
461 484
461 462
461 485
461 486
462 485
462 463
462 486
462 487
463 486
463 464
463 487
463 488
464 487
464 465
464 488
464 489
465 488
465 466
465 489
465 490
466 489
466 467
466 490
466 491
467 490
467 468
467 491
467 492
468 491
468 469
468 492
468 493
469 492
469 470
469 493
469 494
470 493
470 471
470 494
470 495
471 494
471 472
471 495
471 496
472 495
472 473
472 496
472 497
473 496
473 474
473 497
473 498
474 497
474 475
474 498
474 499
475 498
475 476
475 499
475 500
476 499
476 477
476 500
476 501
477 500
477 478
477 501
477 502
478 501
478 479
478 502
478 503
479 502
479 480
479 503
479 504
480 503
481 482
481 505
481 506
482 505
482 483
482 506
482 507
483 506
483 484
483 507
483 508
484 507
484 485
484 508
484 509
485 508
485 486
485 509
485 510
486 509
486 487
486 510
486 511
487 510
487 488
487 511
487 512
488 511
488 489
488 512
488 513
489 512
489 490
489 513
489 514
490 513
490 491
490 514
490 515
491 514
491 492
491 515
491 516
492 515
492 493
492 516
492 517
493 516
493 494
493 517
493 518
494 517
494 495
494 518
494 519
495 518
495 496
495 519
495 520
496 519
496 497
496 520
496 521
497 520
497 498
497 521
497 522
498 521
498 499
498 522
498 523
499 522
499 500
499 523
499 524
500 523
500 501
500 524
500 525
501 524
501 502
501 525
501 526
502 525
502 503
502 526
502 527
503 526
503 504
503 527
503 528
504 527
505 506
505 529
505 530
506 529
506 507
506 530
506 531
507 530
507 508
507 531
507 532
508 531
508 509
508 532
508 533
509 532
509 510
509 533
509 534
510 533
510 511
510 534
510 535
511 534
511 512
511 535
511 536
512 535
512 513
512 536
512 537
513 536
513 514
513 537
513 538
514 537
514 515
514 538
514 539
515 538
515 516
515 539
515 540
516 539
516 517
516 540
516 541
517 540
517 518
517 541
517 542
518 541
518 519
518 542
518 543
519 542
519 520
519 543
519 544
520 543
520 521
520 544
520 545
521 544
521 522
521 545
521 546
522 545
522 523
522 546
522 547
523 546
523 524
523 547
523 548
524 547
524 525
524 548
524 549
525 548
525 526
525 549
525 550
526 549
526 527
526 550
526 551
527 550
527 528
527 551
527 552
528 551
529 530
529 553
529 554
530 553
530 531
530 554
530 555
531 554
531 532
531 555
531 556
532 555
532 533
532 556
532 557
533 556
533 534
533 557
533 558
534 557
534 535
534 558
534 559
535 558
535 536
535 559
535 560
536 559
536 537
536 560
536 561
537 560
537 538
537 561
537 562
538 561
538 539
538 562
538 563
539 562
539 540
539 563
539 564
540 563
540 541
540 564
540 565
541 564
541 542
541 565
541 566
542 565
542 543
542 566
542 567
543 566
543 544
543 567
543 568
544 567
544 545
544 568
544 569
545 568
545 546
545 569
545 570
546 569
546 547
546 570
546 571
547 570
547 548
547 571
547 572
548 571
548 549
548 572
548 573
549 572
549 550
549 573
549 574
550 573
550 551
550 574
550 575
551 574
551 552
551 575
551 576
552 575
24 48
48 72
72 96
96 120
120 144
144 168
168 192
192 216
216 240
240 264
264 288
288 312
312 336
336 360
360 384
384 408
408 432
432 456
456 480
480 504
504 528
528 552
552 576
553 554
554 555
555 556
556 557
557 558
558 559
559 560
560 561
561 562
562 563
563 564
564 565
565 566
566 567
567 568
568 569
569 570
570 571
571 572
572 573
573 574
574 575
575 576
