84 825
6 25 3
25 75 8
6 31 6
11 25 15
11 79 11
19 75 9
31 50 6
7 31 13
6 52 2
64 79 5
25 77 12
35 79 0
15 52 15
58 64 14
52 83 3
6 44 11
48 50 15
11 61 1
6 37 4
27 77 15
50 80 3
59 75 10
30 35 13
31 62 0
3 62 13
59 78 6
58 70 0
69 80 6
25 74 2
39 69 0
22 58 15
58 60 3
23 44 6
65 75 2
80 84 7
12 70 14
64 73 7
37 67 5
40 73 6
11 47 6
7 68 5
45 60 12
12 56 11
6 43 9
28 78 5
5 68 13
8 40 1
1 60 5
18 84 7
45 71 13
29 45 6
11 26 13
9 60 2
34 80 11
23 53 8
2 70 15
20 65 4
25 82 11
55 77 4
29 32 14
26 38 0
34 72 8
34 49 1
3 54 14
66 68 5
17 79 7
11 46 0
41 52 8
1 81 15
24 56 14
24 63 15
16 75 0
14 83 0
1 21 15
33 38 2
10 65 6
36 45 2
6 13 14
9 57 0
49 51 6
24 42 2
55 76 13
4 30 6
32 75 7
4 54 6
10 32 14
81 83 1
12 81 1
81 82 11
11 83 13
34 43 4
7 44 1
50 76 10
43 61 2
53 54 14
42 72 9
25 71 0
3 5 4
55 69 9
57 61 2
22 79 3
82 83 12
69 74 4
53 62 5
22 55 10
68 79 12
61 71 3
82 84 13
63 71 6
48 73 9
53 64 12
56 83 1
54 71 7
49 70 10
10 78 3
17 42 5
72 83 12
50 56 15
53 57 8
73 74 4
9 16 3
68 76 7
69 73 15
78 80 15
1 30 3
14 49 9
78 79 10
20 38 0
17 65 1
48 60 1
41 71 4
76 77 5
43 66 13
45 72 1
30 61 14
61 82 13
76 82 14
40 41 10
31 47 0
37 48 1
33 74 3
46 55 15
34 51 11
36 80 1
44 76 15
29 62 9
52 54 11
13 69 12
32 46 2
14 57 2
66 78 5
3 58 3
66 76 12
67 79 10
66 79 4
10 20 5
51 77 0
60 81 2
34 38 2
33 55 6
8 47 10
14 76 10
62 70 6
81 84 13
3 71 0
83 84 11
23 73 2
58 68 7
17 81 2
78 81 0
39 41 1
29 34 0
14 50 1
62 76 2
29 46 9
52 82 13
43 76 7
13 25 0
26 34 5
28 56 5
15 28 14
43 56 15
35 55 4
45 54 8
44 69 9
41 73 12
57 78 7
19 35 4
54 64 1
57 70 8
10 55 3
49 61 9
62 64 4
19 57 12
12 13 2
76 79 12
50 74 7
18 19 2
19 56 3
64 66 1
34 71 6
43 52 0
3 53 4
61 77 1
62 78 6
75 80 8
22 49 1
63 73 9
11 23 7
56 76 6
56 66 7
70 81 12
5 22 5
13 65 6
50 63 5
37 84 2
47 64 4
29 80 8
59 64 7
40 74 4
19 62 0
77 82 6
59 61 5
41 55 0
72 78 6
14 47 11
49 73 7
48 66 8
52 73 12
50 51 15
38 83 4
33 56 7
31 40 7
50 59 4
17 19 9
35 53 10
12 43 3
49 84 14
8 14 1
59 60 1
25 46 12
62 66 11
60 77 9
52 81 2
9 26 10
77 79 4
73 83 14
3 35 4
56 67 3
54 84 5
13 26 8
42 48 13
28 81 0
74 75 1
8 82 5
46 48 15
36 39 8
56 75 1
29 81 15
37 62 4
8 48 11
47 75 15
32 63 6
67 82 5
17 50 15
53 69 8
79 80 10
57 58 5
12 58 7
43 81 3
66 82 8
64 74 10
32 69 11
49 82 12
26 40 1
18 33 3
22 31 12
71 81 2
28 57 13
2 23 4
18 34 9
64 83 15
34 48 1
45 83 5
36 41 3
54 73 7
71 77 7
30 46 6
23 47 10
46 51 11
75 77 3
41 47 12
48 67 12
22 71 8
63 72 3
46 76 2
77 80 6
34 75 6
26 62 9
74 78 4
59 82 3
42 80 9
29 31 5
66 73 12
76 83 15
4 76 3
20 55 14
66 83 9
26 65 8
50 69 13
47 78 14
36 49 11
54 76 7
16 36 1
34 41 12
43 68 1
32 50 6
33 61 3
70 77 14
43 69 3
44 74 12
7 24 2
60 73 10
21 75 14
33 83 7
53 61 2
13 54 5
15 75 12
71 79 4
15 30 6
57 77 8
62 65 14
50 64 9
34 59 15
23 25 1
36 66 12
9 11 13
23 49 5
75 78 7
2 32 5
13 43 10
38 56 10
15 17 8
31 33 6
59 66 15
37 56 11
53 58 10
22 57 1
68 78 9
42 76 2
20 58 11
29 38 14
7 36 1
51 80 3
79 81 8
31 68 4
21 36 15
2 15 9
17 34 14
39 64 15
5 60 13
44 52 14
25 63 3
15 45 13
70 78 11
27 30 8
30 37 1
28 75 12
17 21 0
26 27 11
60 61 11
66 67 11
77 83 11
36 51 1
35 75 9
7 37 1
21 71 11
34 73 10
29 84 10
6 38 15
55 56 1
55 65 12
20 67 10
41 81 14
24 77 10
9 55 4
40 81 0
51 62 3
24 59 2
54 78 11
46 57 6
41 57 14
7 16 5
26 49 8
29 54 14
69 82 14
3 65 3
54 63 0
69 83 5
32 64 10
45 65 12
66 72 10
57 84 2
32 36 6
71 73 0
38 77 10
37 80 1
11 42 4
69 75 0
33 40 12
73 75 11
4 65 6
16 66 1
46 70 15
79 84 14
36 75 11
68 75 9
32 47 14
31 46 1
40 57 13
8 81 11
71 78 5
55 61 4
45 64 0
1 62 15
3 55 10
58 73 11
21 41 6
15 83 10
6 49 0
37 53 1
28 59 0
36 70 8
58 72 4
48 58 9
20 78 13
22 30 3
21 26 7
40 72 15
39 74 12
79 83 2
56 77 1
3 15 7
68 82 15
4 14 8
9 24 15
70 73 12
14 24 11
57 73 4
77 84 3
58 82 10
1 26 7
52 70 11
38 53 10
64 70 4
45 48 8
57 64 7
25 44 5
56 60 4
16 46 5
48 82 13
33 72 5
74 83 6
37 79 2
46 83 3
72 79 4
22 45 11
37 55 15
55 60 9
56 61 3
71 74 0
53 60 7
46 69 5
31 52 6
57 68 13
18 55 7
66 71 4
60 78 11
72 74 13
1 45 14
59 79 14
69 77 7
2 58 0
7 27 15
37 69 12
38 57 13
23 71 4
62 81 15
42 54 7
18 77 4
18 38 1
25 50 5
35 39 2
51 66 0
80 83 12
60 62 5
49 68 3
14 43 10
6 11 1
8 56 12
26 72 1
5 77 12
14 73 1
30 47 3
51 65 0
39 62 12
43 58 9
27 29 2
20 51 8
33 50 11
14 58 11
19 42 11
31 63 11
33 48 12
69 81 15
58 67 10
63 77 12
30 53 11
16 53 1
21 60 1
39 70 0
4 16 13
71 82 11
57 79 13
41 84 14
14 45 2
7 73 5
7 47 3
18 51 6
15 63 7
28 77 13
68 81 0
15 68 6
40 76 7
38 67 1
50 71 2
30 68 15
74 81 9
41 64 6
48 55 11
47 68 13
29 48 5
22 53 6
33 35 1
6 26 15
6 40 1
80 82 1
30 70 2
21 38 9
1 11 0
19 76 3
36 69 2
1 8 7
63 69 11
43 83 9
27 34 10
2 73 5
36 38 8
51 82 7
55 75 3
43 60 12
20 76 5
13 81 7
42 51 13
56 74 14
4 27 11
13 66 7
75 83 3
2 69 10
35 69 15
21 33 12
41 44 5
40 71 1
65 66 14
21 45 8
53 56 13
43 71 14
80 81 0
43 63 3
13 76 12
69 72 1
12 39 15
25 42 0
2 34 3
2 31 6
17 60 4
4 24 13
34 42 15
38 71 6
27 63 11
48 56 6
69 76 3
43 73 3
14 23 3
7 66 9
35 58 13
15 80 11
73 80 0
59 80 3
7 42 2
23 77 1
15 19 6
8 30 8
43 53 11
72 80 1
26 64 11
24 51 6
38 48 13
22 80 5
45 59 14
5 21 7
33 78 14
3 29 12
22 35 6
9 70 15
73 78 4
16 44 11
26 42 10
22 77 15
19 20 8
20 48 15
76 84 14
45 53 9
18 50 9
26 32 3
47 77 10
68 73 2
13 50 0
3 77 2
22 81 4
53 81 7
9 49 13
37 49 3
41 53 2
39 45 0
27 35 13
70 76 1
14 48 6
70 79 13
8 29 3
41 43 0
16 34 14
15 43 1
58 59 14
52 69 7
63 67 4
56 64 10
4 55 15
59 84 12
73 79 11
71 75 8
17 70 15
66 70 4
70 80 8
67 70 11
54 70 13
8 60 14
27 59 13
62 72 7
13 67 14
25 51 7
73 81 6
10 34 0
74 77 10
68 83 11
31 49 11
6 77 2
57 69 13
28 76 8
36 50 15
46 68 5
58 76 13
8 20 1
1 13 9
78 84 11
44 45 1
15 56 6
7 64 5
6 8 5
53 82 8
45 75 2
47 73 1
17 80 12
24 53 12
40 75 9
63 65 1
14 28 9
13 32 13
48 74 14
46 72 9
64 67 2
74 82 1
51 78 8
20 49 8
41 80 1
40 83 1
33 36 13
14 20 5
52 61 12
72 82 15
48 51 13
49 55 14
21 51 5
29 55 13
6 27 15
23 75 7
19 48 11
23 81 15
41 48 8
33 57 8
46 84 4
48 84 15
29 65 1
43 51 11
41 60 2
39 65 12
46 81 2
42 64 2
49 66 8
16 57 8
1 69 10
61 76 0
18 49 0
63 68 15
78 83 9
48 64 4
12 44 15
2 41 0
28 42 12
32 76 10
42 53 4
11 51 13
49 75 2
12 60 9
32 68 1
37 38 13
11 48 15
48 53 9
34 36 6
25 76 12
35 67 3
28 72 2
17 58 2
15 42 2
2 6 12
58 62 8
22 38 7
58 84 1
16 65 15
4 49 0
13 40 2
60 70 1
62 80 14
65 71 4
29 42 10
68 74 4
6 60 10
6 71 11
57 60 1
4 9 3
27 75 5
29 74 0
38 66 15
20 73 0
34 82 2
49 50 5
35 76 5
72 81 12
50 58 11
62 73 12
21 79 2
30 48 14
77 81 10
1 3 6
10 51 14
68 84 15
58 80 14
17 18 9
57 65 4
65 79 0
50 70 15
19 39 4
58 75 3
55 80 3
50 79 11
47 49 0
24 32 9
7 67 0
2 4 11
44 61 15
44 82 2
9 67 8
78 82 5
70 72 7
13 82 10
19 33 3
45 47 3
34 46 5
31 61 4
8 44 14
38 58 13
5 14 1
23 67 1
29 69 14
62 67 0
10 68 4
21 46 9
26 67 11
20 22 7
65 72 2
43 54 7
44 59 12
63 70 10
29 30 15
35 65 7
57 59 10
12 50 1
3 36 4
17 78 10
26 63 8
55 58 15
57 67 9
47 53 10
21 40 8
14 81 3
1764 6806
1 2
1 43
1 44
2 43
2 3
2 44
2 45
3 44
3 4
3 45
3 46
4 45
4 5
4 46
4 47
5 46
5 6
5 47
5 48
6 47
6 7
6 48
6 49
7 48
7 8
7 49
7 50
8 49
8 9
8 50
8 51
9 50
9 10
9 51
9 52
10 51
10 11
10 52
10 53
11 52
11 12
11 53
11 54
12 53
12 13
12 54
12 55
13 54
13 14
13 55
13 56
14 55
14 15
14 56
14 57
15 56
15 16
15 57
15 58
16 57
16 17
16 58
16 59
17 58
17 18
17 59
17 60
18 59
18 19
18 60
18 61
19 60
19 20
19 61
19 62
20 61
20 21
20 62
20 63
21 62
21 22
21 63
21 64
22 63
22 23
22 64
22 65
23 64
23 24
23 65
23 66
24 65
24 25
24 66
24 67
25 66
25 26
25 67
25 68
26 67
26 27
26 68
26 69
27 68
27 28
27 69
27 70
28 69
28 29
28 70
28 71
29 70
29 30
29 71
29 72
30 71
30 31
30 72
30 73
31 72
31 32
31 73
31 74
32 73
32 33
32 74
32 75
33 74
33 34
33 75
33 76
34 75
34 35
34 76
34 77
35 76
35 36
35 77
35 78
36 77
36 37
36 78
36 79
37 78
37 38
37 79
37 80
38 79
38 39
38 80
38 81
39 80
39 40
39 81
39 82
40 81
40 41
40 82
40 83
41 82
41 42
41 83
41 84
42 83
43 44
43 85
43 86
44 85
44 45
44 86
44 87
45 86
45 46
45 87
45 88
46 87
46 47
46 88
46 89
47 88
47 48
47 89
47 90
48 89
48 49
48 90
48 91
49 90
49 50
49 91
49 92
50 91
50 51
50 92
50 93
51 92
51 52
51 93
51 94
52 93
52 53
52 94
52 95
53 94
53 54
53 95
53 96
54 95
54 55
54 96
54 97
55 96
55 56
55 97
55 98
56 97
56 57
56 98
56 99
57 98
57 58
57 99
57 100
58 99
58 59
58 100
58 101
59 100
59 60
59 101
59 102
60 101
60 61
60 102
60 103
61 102
61 62
61 103
61 104
62 103
62 63
62 104
62 105
63 104
63 64
63 105
63 106
64 105
64 65
64 106
64 107
65 106
65 66
65 107
65 108
66 107
66 67
66 108
66 109
67 108
67 68
67 109
67 110
68 109
68 69
68 110
68 111
69 110
69 70
69 111
69 112
70 111
70 71
70 112
70 113
71 112
71 72
71 113
71 114
72 113
72 73
72 114
72 115
73 114
73 74
73 115
73 116
74 115
74 75
74 116
74 117
75 116
75 76
75 117
75 118
76 117
76 77
76 118
76 119
77 118
77 78
77 119
77 120
78 119
78 79
78 120
78 121
79 120
79 80
79 121
79 122
80 121
80 81
80 122
80 123
81 122
81 82
81 123
81 124
82 123
82 83
82 124
82 125
83 124
83 84
83 125
83 126
84 125
85 86
85 127
85 128
86 127
86 87
86 128
86 129
87 128
87 88
87 129
87 130
88 129
88 89
88 130
88 131
89 130
89 90
89 131
89 132
90 131
90 91
90 132
90 133
91 132
91 92
91 133
91 134
92 133
92 93
92 134
92 135
93 134
93 94
93 135
93 136
94 135
94 95
94 136
94 137
95 136
95 96
95 137
95 138
96 137
96 97
96 138
96 139
97 138
97 98
97 139
97 140
98 139
98 99
98 140
98 141
99 140
99 100
99 141
99 142
100 141
100 101
100 142
100 143
101 142
101 102
101 143
101 144
102 143
102 103
102 144
102 145
103 144
103 104
103 145
103 146
104 145
104 105
104 146
104 147
105 146
105 106
105 147
105 148
106 147
106 107
106 148
106 149
107 148
107 108
107 149
107 150
108 149
108 109
108 150
108 151
109 150
109 110
109 151
109 152
110 151
110 111
110 152
110 153
111 152
111 112
111 153
111 154
112 153
112 113
112 154
112 155
113 154
113 114
113 155
113 156
114 155
114 115
114 156
114 157
115 156
115 116
115 157
115 158
116 157
116 117
116 158
116 159
117 158
117 118
117 159
117 160
118 159
118 119
118 160
118 161
119 160
119 120
119 161
119 162
120 161
120 121
120 162
120 163
121 162
121 122
121 163
121 164
122 163
122 123
122 164
122 165
123 164
123 124
123 165
123 166
124 165
124 125
124 166
124 167
125 166
125 126
125 167
125 168
126 167
127 128
127 169
127 170
128 169
128 129
128 170
128 171
129 170
129 130
129 171
129 172
130 171
130 131
130 172
130 173
131 172
131 132
131 173
131 174
132 173
132 133
132 174
132 175
133 174
133 134
133 175
133 176
134 175
134 135
134 176
134 177
135 176
135 136
135 177
135 178
136 177
136 137
136 178
136 179
137 178
137 138
137 179
137 180
138 179
138 139
138 180
138 181
139 180
139 140
139 181
139 182
140 181
140 141
140 182
140 183
141 182
141 142
141 183
141 184
142 183
142 143
142 184
142 185
143 184
143 144
143 185
143 186
144 185
144 145
144 186
144 187
145 186
145 146
145 187
145 188
146 187
146 147
146 188
146 189
147 188
147 148
147 189
147 190
148 189
148 149
148 190
148 191
149 190
149 150
149 191
149 192
150 191
150 151
150 192
150 193
151 192
151 152
151 193
151 194
152 193
152 153
152 194
152 195
153 194
153 154
153 195
153 196
154 195
154 155
154 196
154 197
155 196
155 156
155 197
155 198
156 197
156 157
156 198
156 199
157 198
157 158
157 199
157 200
158 199
158 159
158 200
158 201
159 200
159 160
159 201
159 202
160 201
160 161
160 202
160 203
161 202
161 162
161 203
161 204
162 203
162 163
162 204
162 205
163 204
163 164
163 205
163 206
164 205
164 165
164 206
164 207
165 206
165 166
165 207
165 208
166 207
166 167
166 208
166 209
167 208
167 168
167 209
167 210
168 209
169 170
169 211
169 212
170 211
170 171
170 212
170 213
171 212
171 172
171 213
171 214
172 213
172 173
172 214
172 215
173 214
173 174
173 215
173 216
174 215
174 175
174 216
174 217
175 216
175 176
175 217
175 218
176 217
176 177
176 218
176 219
177 218
177 178
177 219
177 220
178 219
178 179
178 220
178 221
179 220
179 180
179 221
179 222
180 221
180 181
180 222
180 223
181 222
181 182
181 223
181 224
182 223
182 183
182 224
182 225
183 224
183 184
183 225
183 226
184 225
184 185
184 226
184 227
185 226
185 186
185 227
185 228
186 227
186 187
186 228
186 229
187 228
187 188
187 229
187 230
188 229
188 189
188 230
188 231
189 230
189 190
189 231
189 232
190 231
190 191
190 232
190 233
191 232
191 192
191 233
191 234
192 233
192 193
192 234
192 235
193 234
193 194
193 235
193 236
194 235
194 195
194 236
194 237
195 236
195 196
195 237
195 238
196 237
196 197
196 238
196 239
197 238
197 198
197 239
197 240
198 239
198 199
198 240
198 241
199 240
199 200
199 241
199 242
200 241
200 201
200 242
200 243
201 242
201 202
201 243
201 244
202 243
202 203
202 244
202 245
203 244
203 204
203 245
203 246
204 245
204 205
204 246
204 247
205 246
205 206
205 247
205 248
206 247
206 207
206 248
206 249
207 248
207 208
207 249
207 250
208 249
208 209
208 250
208 251
209 250
209 210
209 251
209 252
210 251
211 212
211 253
211 254
212 253
212 213
212 254
212 255
213 254
213 214
213 255
213 256
214 255
214 215
214 256
214 257
215 256
215 216
215 257
215 258
216 257
216 217
216 258
216 259
217 258
217 218
217 259
217 260
218 259
218 219
218 260
218 261
219 260
219 220
219 261
219 262
220 261
220 221
220 262
220 263
221 262
221 222
221 263
221 264
222 263
222 223
222 264
222 265
223 264
223 224
223 265
223 266
224 265
224 225
224 266
224 267
225 266
225 226
225 267
225 268
226 267
226 227
226 268
226 269
227 268
227 228
227 269
227 270
228 269
228 229
228 270
228 271
229 270
229 230
229 271
229 272
230 271
230 231
230 272
230 273
231 272
231 232
231 273
231 274
232 273
232 233
232 274
232 275
233 274
233 234
233 275
233 276
234 275
234 235
234 276
234 277
235 276
235 236
235 277
235 278
236 277
236 237
236 278
236 279
237 278
237 238
237 279
237 280
238 279
238 239
238 280
238 281
239 280
239 240
239 281
239 282
240 281
240 241
240 282
240 283
241 282
241 242
241 283
241 284
242 283
242 243
242 284
242 285
243 284
243 244
243 285
243 286
244 285
244 245
244 286
244 287
245 286
245 246
245 287
245 288
246 287
246 247
246 288
246 289
247 288
247 248
247 289
247 290
248 289
248 249
248 290
248 291
249 290
249 250
249 291
249 292
250 291
250 251
250 292
250 293
251 292
251 252
251 293
251 294
252 293
253 254
253 295
253 296
254 295
254 255
254 296
254 297
255 296
255 256
255 297
255 298
256 297
256 257
256 298
256 299
257 298
257 258
257 299
257 300
258 299
258 259
258 300
258 301
259 300
259 260
259 301
259 302
260 301
260 261
260 302
260 303
261 302
261 262
261 303
261 304
262 303
262 263
262 304
262 305
263 304
263 264
263 305
263 306
264 305
264 265
264 306
264 307
265 306
265 266
265 307
265 308
266 307
266 267
266 308
266 309
267 308
267 268
267 309
267 310
268 309
268 269
268 310
268 311
269 310
269 270
269 311
269 312
270 311
270 271
270 312
270 313
271 312
271 272
271 313
271 314
272 313
272 273
272 314
272 315
273 314
273 274
273 315
273 316
274 315
274 275
274 316
274 317
275 316
275 276
275 317
275 318
276 317
276 277
276 318
276 319
277 318
277 278
277 319
277 320
278 319
278 279
278 320
278 321
279 320
279 280
279 321
279 322
280 321
280 281
280 322
280 323
281 322
281 282
281 323
281 324
282 323
282 283
282 324
282 325
283 324
283 284
283 325
283 326
284 325
284 285
284 326
284 327
285 326
285 286
285 327
285 328
286 327
286 287
286 328
286 329
287 328
287 288
287 329
287 330
288 329
288 289
288 330
288 331
289 330
289 290
289 331
289 332
290 331
290 291
290 332
290 333
291 332
291 292
291 333
291 334
292 333
292 293
292 334
292 335
293 334
293 294
293 335
293 336
294 335
295 296
295 337
295 338
296 337
296 297
296 338
296 339
297 338
297 298
297 339
297 340
298 339
298 299
298 340
298 341
299 340
299 300
299 341
299 342
300 341
300 301
300 342
300 343
301 342
301 302
301 343
301 344
302 343
302 303
302 344
302 345
303 344
303 304
303 345
303 346
304 345
304 305
304 346
304 347
305 346
305 306
305 347
305 348
306 347
306 307
306 348
306 349
307 348
307 308
307 349
307 350
308 349
308 309
308 350
308 351
309 350
309 310
309 351
309 352
310 351
310 311
310 352
310 353
311 352
311 312
311 353
311 354
312 353
312 313
312 354
312 355
313 354
313 314
313 355
313 356
314 355
314 315
314 356
314 357
315 356
315 316
315 357
315 358
316 357
316 317
316 358
316 359
317 358
317 318
317 359
317 360
318 359
318 319
318 360
318 361
319 360
319 320
319 361
319 362
320 361
320 321
320 362
320 363
321 362
321 322
321 363
321 364
322 363
322 323
322 364
322 365
323 364
323 324
323 365
323 366
324 365
324 325
324 366
324 367
325 366
325 326
325 367
325 368
326 367
326 327
326 368
326 369
327 368
327 328
327 369
327 370
328 369
328 329
328 370
328 371
329 370
329 330
329 371
329 372
330 371
330 331
330 372
330 373
331 372
331 332
331 373
331 374
332 373
332 333
332 374
332 375
333 374
333 334
333 375
333 376
334 375
334 335
334 376
334 377
335 376
335 336
335 377
335 378
336 377
337 338
337 379
337 380
338 379
338 339
338 380
338 381
339 380
339 340
339 381
339 382
340 381
340 341
340 382
340 383
341 382
341 342
341 383
341 384
342 383
342 343
342 384
342 385
343 384
343 344
343 385
343 386
344 385
344 345
344 386
344 387
345 386
345 346
345 387
345 388
346 387
346 347
346 388
346 389
347 388
347 348
347 389
347 390
348 389
348 349
348 390
348 391
349 390
349 350
349 391
349 392
350 391
350 351
350 392
350 393
351 392
351 352
351 393
351 394
352 393
352 353
352 394
352 395
353 394
353 354
353 395
353 396
354 395
354 355
354 396
354 397
355 396
355 356
355 397
355 398
356 397
356 357
356 398
356 399
357 398
357 358
357 399
357 400
358 399
358 359
358 400
358 401
359 400
359 360
359 401
359 402
360 401
360 361
360 402
360 403
361 402
361 362
361 403
361 404
362 403
362 363
362 404
362 405
363 404
363 364
363 405
363 406
364 405
364 365
364 406
364 407
365 406
365 366
365 407
365 408
366 407
366 367
366 408
366 409
367 408
367 368
367 409
367 410
368 409
368 369
368 410
368 411
369 410
369 370
369 411
369 412
370 411
370 371
370 412
370 413
371 412
371 372
371 413
371 414
372 413
372 373
372 414
372 415
373 414
373 374
373 415
373 416
374 415
374 375
374 416
374 417
375 416
375 376
375 417
375 418
376 417
376 377
376 418
376 419
377 418
377 378
377 419
377 420
378 419
379 380
379 421
379 422
380 421
380 381
380 422
380 423
381 422
381 382
381 423
381 424
382 423
382 383
382 424
382 425
383 424
383 384
383 425
383 426
384 425
384 385
384 426
384 427
385 426
385 386
385 427
385 428
386 427
386 387
386 428
386 429
387 428
387 388
387 429
387 430
388 429
388 389
388 430
388 431
389 430
389 390
389 431
389 432
390 431
390 391
390 432
390 433
391 432
391 392
391 433
391 434
392 433
392 393
392 434
392 435
393 434
393 394
393 435
393 436
394 435
394 395
394 436
394 437
395 436
395 396
395 437
395 438
396 437
396 397
396 438
396 439
397 438
397 398
397 439
397 440
398 439
398 399
398 440
398 441
399 440
399 400
399 441
399 442
400 441
400 401
400 442
400 443
401 442
401 402
401 443
401 444
402 443
402 403
402 444
402 445
403 444
403 404
403 445
403 446
404 445
404 405
404 446
404 447
405 446
405 406
405 447
405 448
406 447
406 407
406 448
406 449
407 448
407 408
407 449
407 450
408 449
408 409
408 450
408 451
409 450
409 410
409 451
409 452
410 451
410 411
410 452
410 453
411 452
411 412
411 453
411 454
412 453
412 413
412 454
412 455
413 454
413 414
413 455
413 456
414 455
414 415
414 456
414 457
415 456
415 416
415 457
415 458
416 457
416 417
416 458
416 459
417 458
417 418
417 459
417 460
418 459
418 419
418 460
418 461
419 460
419 420
419 461
419 462
420 461
421 422
421 463
421 464
422 463
422 423
422 464
422 465
423 464
423 424
423 465
423 466
424 465
424 425
424 466
424 467
425 466
425 426
425 467
425 468
426 467
426 427
426 468
426 469
427 468
427 428
427 469
427 470
428 469
428 429
428 470
428 471
429 470
429 430
429 471
429 472
430 471
430 431
430 472
430 473
431 472
431 432
431 473
431 474
432 473
432 433
432 474
432 475
433 474
433 434
433 475
433 476
434 475
434 435
434 476
434 477
435 476
435 436
435 477
435 478
436 477
436 437
436 478
436 479
437 478
437 438
437 479
437 480
438 479
438 439
438 480
438 481
439 480
439 440
439 481
439 482
440 481
440 441
440 482
440 483
441 482
441 442
441 483
441 484
442 483
442 443
442 484
442 485
443 484
443 444
443 485
443 486
444 485
444 445
444 486
444 487
445 486
445 446
445 487
445 488
446 487
446 447
446 488
446 489
447 488
447 448
447 489
447 490
448 489
448 449
448 490
448 491
449 490
449 450
449 491
449 492
450 491
450 451
450 492
450 493
451 492
451 452
451 493
451 494
452 493
452 453
452 494
452 495
453 494
453 454
453 495
453 496
454 495
454 455
454 496
454 497
455 496
455 456
455 497
455 498
456 497
456 457
456 498
456 499
457 498
457 458
457 499
457 500
458 499
458 459
458 500
458 501
459 500
459 460
459 501
459 502
460 501
460 461
460 502
460 503
461 502
461 462
461 503
461 504
462 503
463 464
463 505
463 506
464 505
464 465
464 506
464 507
465 506
465 466
465 507
465 508
466 507
466 467
466 508
466 509
467 508
467 468
467 509
467 510
468 509
468 469
468 510
468 511
469 510
469 470
469 511
469 512
470 511
470 471
470 512
470 513
471 512
471 472
471 513
471 514
472 513
472 473
472 514
472 515
473 514
473 474
473 515
473 516
474 515
474 475
474 516
474 517
475 516
475 476
475 517
475 518
476 517
476 477
476 518
476 519
477 518
477 478
477 519
477 520
478 519
478 479
478 520
478 521
479 520
479 480
479 521
479 522
480 521
480 481
480 522
480 523
481 522
481 482
481 523
481 524
482 523
482 483
482 524
482 525
483 524
483 484
483 525
483 526
484 525
484 485
484 526
484 527
485 526
485 486
485 527
485 528
486 527
486 487
486 528
486 529
487 528
487 488
487 529
487 530
488 529
488 489
488 530
488 531
489 530
489 490
489 531
489 532
490 531
490 491
490 532
490 533
491 532
491 492
491 533
491 534
492 533
492 493
492 534
492 535
493 534
493 494
493 535
493 536
494 535
494 495
494 536
494 537
495 536
495 496
495 537
495 538
496 537
496 497
496 538
496 539
497 538
497 498
497 539
497 540
498 539
498 499
498 540
498 541
499 540
499 500
499 541
499 542
500 541
500 501
500 542
500 543
501 542
501 502
501 543
501 544
502 543
502 503
502 544
502 545
503 544
503 504
503 545
503 546
504 545
505 506
505 547
505 548
506 547
506 507
506 548
506 549
507 548
507 508
507 549
507 550
508 549
508 509
508 550
508 551
509 550
509 510
509 551
509 552
510 551
510 511
510 552
510 553
511 552
511 512
511 553
511 554
512 553
512 513
512 554
512 555
513 554
513 514
513 555
513 556
514 555
514 515
514 556
514 557
515 556
515 516
515 557
515 558
516 557
516 517
516 558
516 559
517 558
517 518
517 559
517 560
518 559
518 519
518 560
518 561
519 560
519 520
519 561
519 562
520 561
520 521
520 562
520 563
521 562
521 522
521 563
521 564
522 563
522 523
522 564
522 565
523 564
523 524
523 565
523 566
524 565
524 525
524 566
524 567
525 566
525 526
525 567
525 568
526 567
526 527
526 568
526 569
527 568
527 528
527 569
527 570
528 569
528 529
528 570
528 571
529 570
529 530
529 571
529 572
530 571
530 531
530 572
530 573
531 572
531 532
531 573
531 574
532 573
532 533
532 574
532 575
533 574
533 534
533 575
533 576
534 575
534 535
534 576
534 577
535 576
535 536
535 577
535 578
536 577
536 537
536 578
536 579
537 578
537 538
537 579
537 580
538 579
538 539
538 580
538 581
539 580
539 540
539 581
539 582
540 581
540 541
540 582
540 583
541 582
541 542
541 583
541 584
542 583
542 543
542 584
542 585
543 584
543 544
543 585
543 586
544 585
544 545
544 586
544 587
545 586
545 546
545 587
545 588
546 587
547 548
547 589
547 590
548 589
548 549
548 590
548 591
549 590
549 550
549 591
549 592
550 591
550 551
550 592
550 593
551 592
551 552
551 593
551 594
552 593
552 553
552 594
552 595
553 594
553 554
553 595
553 596
554 595
554 555
554 596
554 597
555 596
555 556
555 597
555 598
556 597
556 557
556 598
556 599
557 598
557 558
557 599
557 600
558 599
558 559
558 600
558 601
559 600
559 560
559 601
559 602
560 601
560 561
560 602
560 603
561 602
561 562
561 603
561 604
562 603
562 563
562 604
562 605
563 604
563 564
563 605
563 606
564 605
564 565
564 606
564 607
565 606
565 566
565 607
565 608
566 607
566 567
566 608
566 609
567 608
567 568
567 609
567 610
568 609
568 569
568 610
568 611
569 610
569 570
569 611
569 612
570 611
570 571
570 612
570 613
571 612
571 572
571 613
571 614
572 613
572 573
572 614
572 615
573 614
573 574
573 615
573 616
574 615
574 575
574 616
574 617
575 616
575 576
575 617
575 618
576 617
576 577
576 618
576 619
577 618
577 578
577 619
577 620
578 619
578 579
578 620
578 621
579 620
579 580
579 621
579 622
580 621
580 581
580 622
580 623
581 622
581 582
581 623
581 624
582 623
582 583
582 624
582 625
583 624
583 584
583 625
583 626
584 625
584 585
584 626
584 627
585 626
585 586
585 627
585 628
586 627
586 587
586 628
586 629
587 628
587 588
587 629
587 630
588 629
589 590
589 631
589 632
590 631
590 591
590 632
590 633
591 632
591 592
591 633
591 634
592 633
592 593
592 634
592 635
593 634
593 594
593 635
593 636
594 635
594 595
594 636
594 637
595 636
595 596
595 637
595 638
596 637
596 597
596 638
596 639
597 638
597 598
597 639
597 640
598 639
598 599
598 640
598 641
599 640
599 600
599 641
599 642
600 641
600 601
600 642
600 643
601 642
601 602
601 643
601 644
602 643
602 603
602 644
602 645
603 644
603 604
603 645
603 646
604 645
604 605
604 646
604 647
605 646
605 606
605 647
605 648
606 647
606 607
606 648
606 649
607 648
607 608
607 649
607 650
608 649
608 609
608 650
608 651
609 650
609 610
609 651
609 652
610 651
610 611
610 652
610 653
611 652
611 612
611 653
611 654
612 653
612 613
612 654
612 655
613 654
613 614
613 655
613 656
614 655
614 615
614 656
614 657
615 656
615 616
615 657
615 658
616 657
616 617
616 658
616 659
617 658
617 618
617 659
617 660
618 659
618 619
618 660
618 661
619 660
619 620
619 661
619 662
620 661
620 621
620 662
620 663
621 662
621 622
621 663
621 664
622 663
622 623
622 664
622 665
623 664
623 624
623 665
623 666
624 665
624 625
624 666
624 667
625 666
625 626
625 667
625 668
626 667
626 627
626 668
626 669
627 668
627 628
627 669
627 670
628 669
628 629
628 670
628 671
629 670
629 630
629 671
629 672
630 671
631 632
631 673
631 674
632 673
632 633
632 674
632 675
633 674
633 634
633 675
633 676
634 675
634 635
634 676
634 677
635 676
635 636
635 677
635 678
636 677
636 637
636 678
636 679
637 678
637 638
637 679
637 680
638 679
638 639
638 680
638 681
639 680
639 640
639 681
639 682
640 681
640 641
640 682
640 683
641 682
641 642
641 683
641 684
642 683
642 643
642 684
642 685
643 684
643 644
643 685
643 686
644 685
644 645
644 686
644 687
645 686
645 646
645 687
645 688
646 687
646 647
646 688
646 689
647 688
647 648
647 689
647 690
648 689
648 649
648 690
648 691
649 690
649 650
649 691
649 692
650 691
650 651
650 692
650 693
651 692
651 652
651 693
651 694
652 693
652 653
652 694
652 695
653 694
653 654
653 695
653 696
654 695
654 655
654 696
654 697
655 696
655 656
655 697
655 698
656 697
656 657
656 698
656 699
657 698
657 658
657 699
657 700
658 699
658 659
658 700
658 701
659 700
659 660
659 701
659 702
660 701
660 661
660 702
660 703
661 702
661 662
661 703
661 704
662 703
662 663
662 704
662 705
663 704
663 664
663 705
663 706
664 705
664 665
664 706
664 707
665 706
665 666
665 707
665 708
666 707
666 667
666 708
666 709
667 708
667 668
667 709
667 710
668 709
668 669
668 710
668 711
669 710
669 670
669 711
669 712
670 711
670 671
670 712
670 713
671 712
671 672
671 713
671 714
672 713
673 674
673 715
673 716
674 715
674 675
674 716
674 717
675 716
675 676
675 717
675 718
676 717
676 677
676 718
676 719
677 718
677 678
677 719
677 720
678 719
678 679
678 720
678 721
679 720
679 680
679 721
679 722
680 721
680 681
680 722
680 723
681 722
681 682
681 723
681 724
682 723
682 683
682 724
682 725
683 724
683 684
683 725
683 726
684 725
684 685
684 726
684 727
685 726
685 686
685 727
685 728
686 727
686 687
686 728
686 729
687 728
687 688
687 729
687 730
688 729
688 689
688 730
688 731
689 730
689 690
689 731
689 732
690 731
690 691
690 732
690 733
691 732
691 692
691 733
691 734
692 733
692 693
692 734
692 735
693 734
693 694
693 735
693 736
694 735
694 695
694 736
694 737
695 736
695 696
695 737
695 738
696 737
696 697
696 738
696 739
697 738
697 698
697 739
697 740
698 739
698 699
698 740
698 741
699 740
699 700
699 741
699 742
700 741
700 701
700 742
700 743
701 742
701 702
701 743
701 744
702 743
702 703
702 744
702 745
703 744
703 704
703 745
703 746
704 745
704 705
704 746
704 747
705 746
705 706
705 747
705 748
706 747
706 707
706 748
706 749
707 748
707 708
707 749
707 750
708 749
708 709
708 750
708 751
709 750
709 710
709 751
709 752
710 751
710 711
710 752
710 753
711 752
711 712
711 753
711 754
712 753
712 713
712 754
712 755
713 754
713 714
713 755
713 756
714 755
715 716
715 757
715 758
716 757
716 717
716 758
716 759
717 758
717 718
717 759
717 760
718 759
718 719
718 760
718 761
719 760
719 720
719 761
719 762
720 761
720 721
720 762
720 763
721 762
721 722
721 763
721 764
722 763
722 723
722 764
722 765
723 764
723 724
723 765
723 766
724 765
724 725
724 766
724 767
725 766
725 726
725 767
725 768
726 767
726 727
726 768
726 769
727 768
727 728
727 769
727 770
728 769
728 729
728 770
728 771
729 770
729 730
729 771
729 772
730 771
730 731
730 772
730 773
731 772
731 732
731 773
731 774
732 773
732 733
732 774
732 775
733 774
733 734
733 775
733 776
734 775
734 735
734 776
734 777
735 776
735 736
735 777
735 778
736 777
736 737
736 778
736 779
737 778
737 738
737 779
737 780
738 779
738 739
738 780
738 781
739 780
739 740
739 781
739 782
740 781
740 741
740 782
740 783
741 782
741 742
741 783
741 784
742 783
742 743
742 784
742 785
743 784
743 744
743 785
743 786
744 785
744 745
744 786
744 787
745 786
745 746
745 787
745 788
746 787
746 747
746 788
746 789
747 788
747 748
747 789
747 790
748 789
748 749
748 790
748 791
749 790
749 750
749 791
749 792
750 791
750 751
750 792
750 793
751 792
751 752
751 793
751 794
752 793
752 753
752 794
752 795
753 794
753 754
753 795
753 796
754 795
754 755
754 796
754 797
755 796
755 756
755 797
755 798
756 797
757 758
757 799
757 800
758 799
758 759
758 800
758 801
759 800
759 760
759 801
759 802
760 801
760 761
760 802
760 803
761 802
761 762
761 803
761 804
762 803
762 763
762 804
762 805
763 804
763 764
763 805
763 806
764 805
764 765
764 806
764 807
765 806
765 766
765 807
765 808
766 807
766 767
766 808
766 809
767 808
767 768
767 809
767 810
768 809
768 769
768 810
768 811
769 810
769 770
769 811
769 812
770 811
770 771
770 812
770 813
771 812
771 772
771 813
771 814
772 813
772 773
772 814
772 815
773 814
773 774
773 815
773 816
774 815
774 775
774 816
774 817
775 816
775 776
775 817
775 818
776 817
776 777
776 818
776 819
777 818
777 778
777 819
777 820
778 819
778 779
778 820
778 821
779 820
779 780
779 821
779 822
780 821
780 781
780 822
780 823
781 822
781 782
781 823
781 824
782 823
782 783
782 824
782 825
783 824
783 784
783 825
783 826
784 825
784 785
784 826
784 827
785 826
785 786
785 827
785 828
786 827
786 787
786 828
786 829
787 828
787 788
787 829
787 830
788 829
788 789
788 830
788 831
789 830
789 790
789 831
789 832
790 831
790 791
790 832
790 833
791 832
791 792
791 833
791 834
792 833
792 793
792 834
792 835
793 834
793 794
793 835
793 836
794 835
794 795
794 836
794 837
795 836
795 796
795 837
795 838
796 837
796 797
796 838
796 839
797 838
797 798
797 839
797 840
798 839
799 800
799 841
799 842
800 841
800 801
800 842
800 843
801 842
801 802
801 843
801 844
802 843
802 803
802 844
802 845
803 844
803 804
803 845
803 846
804 845
804 805
804 846
804 847
805 846
805 806
805 847
805 848
806 847
806 807
806 848
806 849
807 848
807 808
807 849
807 850
808 849
808 809
808 850
808 851
809 850
809 810
809 851
809 852
810 851
810 811
810 852
810 853
811 852
811 812
811 853
811 854
812 853
812 813
812 854
812 855
813 854
813 814
813 855
813 856
814 855
814 815
814 856
814 857
815 856
815 816
815 857
815 858
816 857
816 817
816 858
816 859
817 858
817 818
817 859
817 860
818 859
818 819
818 860
818 861
819 860
819 820
819 861
819 862
820 861
820 821
820 862
820 863
821 862
821 822
821 863
821 864
822 863
822 823
822 864
822 865
823 864
823 824
823 865
823 866
824 865
824 825
824 866
824 867
825 866
825 826
825 867
825 868
826 867
826 827
826 868
826 869
827 868
827 828
827 869
827 870
828 869
828 829
828 870
828 871
829 870
829 830
829 871
829 872
830 871
830 831
830 872
830 873
831 872
831 832
831 873
831 874
832 873
832 833
832 874
832 875
833 874
833 834
833 875
833 876
834 875
834 835
834 876
834 877
835 876
835 836
835 877
835 878
836 877
836 837
836 878
836 879
837 878
837 838
837 879
837 880
838 879
838 839
838 880
838 881
839 880
839 840
839 881
839 882
840 881
841 842
841 883
841 884
842 883
842 843
842 884
842 885
843 884
843 844
843 885
843 886
844 885
844 845
844 886
844 887
845 886
845 846
845 887
845 888
846 887
846 847
846 888
846 889
847 888
847 848
847 889
847 890
848 889
848 849
848 890
848 891
849 890
849 850
849 891
849 892
850 891
850 851
850 892
850 893
851 892
851 852
851 893
851 894
852 893
852 853
852 894
852 895
853 894
853 854
853 895
853 896
854 895
854 855
854 896
854 897
855 896
855 856
855 897
855 898
856 897
856 857
856 898
856 899
857 898
857 858
857 899
857 900
858 899
858 859
858 900
858 901
859 900
859 860
859 901
859 902
860 901
860 861
860 902
860 903
861 902
861 862
861 903
861 904
862 903
862 863
862 904
862 905
863 904
863 864
863 905
863 906
864 905
864 865
864 906
864 907
865 906
865 866
865 907
865 908
866 907
866 867
866 908
866 909
867 908
867 868
867 909
867 910
868 909
868 869
868 910
868 911
869 910
869 870
869 911
869 912
870 911
870 871
870 912
870 913
871 912
871 872
871 913
871 914
872 913
872 873
872 914
872 915
873 914
873 874
873 915
873 916
874 915
874 875
874 916
874 917
875 916
875 876
875 917
875 918
876 917
876 877
876 918
876 919
877 918
877 878
877 919
877 920
878 919
878 879
878 920
878 921
879 920
879 880
879 921
879 922
880 921
880 881
880 922
880 923
881 922
881 882
881 923
881 924
882 923
883 884
883 925
883 926
884 925
884 885
884 926
884 927
885 926
885 886
885 927
885 928
886 927
886 887
886 928
886 929
887 928
887 888
887 929
887 930
888 929
888 889
888 930
888 931
889 930
889 890
889 931
889 932
890 931
890 891
890 932
890 933
891 932
891 892
891 933
891 934
892 933
892 893
892 934
892 935
893 934
893 894
893 935
893 936
894 935
894 895
894 936
894 937
895 936
895 896
895 937
895 938
896 937
896 897
896 938
896 939
897 938
897 898
897 939
897 940
898 939
898 899
898 940
898 941
899 940
899 900
899 941
899 942
900 941
900 901
900 942
900 943
901 942
901 902
901 943
901 944
902 943
902 903
902 944
902 945
903 944
903 904
903 945
903 946
904 945
904 905
904 946
904 947
905 946
905 906
905 947
905 948
906 947
906 907
906 948
906 949
907 948
907 908
907 949
907 950
908 949
908 909
908 950
908 951
909 950
909 910
909 951
909 952
910 951
910 911
910 952
910 953
911 952
911 912
911 953
911 954
912 953
912 913
912 954
912 955
913 954
913 914
913 955
913 956
914 955
914 915
914 956
914 957
915 956
915 916
915 957
915 958
916 957
916 917
916 958
916 959
917 958
917 918
917 959
917 960
918 959
918 919
918 960
918 961
919 960
919 920
919 961
919 962
920 961
920 921
920 962
920 963
921 962
921 922
921 963
921 964
922 963
922 923
922 964
922 965
923 964
923 924
923 965
923 966
924 965
925 926
925 967
925 968
926 967
926 927
926 968
926 969
927 968
927 928
927 969
927 970
928 969
928 929
928 970
928 971
929 970
929 930
929 971
929 972
930 971
930 931
930 972
930 973
931 972
931 932
931 973
931 974
932 973
932 933
932 974
932 975
933 974
933 934
933 975
933 976
934 975
934 935
934 976
934 977
935 976
935 936
935 977
935 978
936 977
936 937
936 978
936 979
937 978
937 938
937 979
937 980
938 979
938 939
938 980
938 981
939 980
939 940
939 981
939 982
940 981
940 941
940 982
940 983
941 982
941 942
941 983
941 984
942 983
942 943
942 984
942 985
943 984
943 944
943 985
943 986
944 985
944 945
944 986
944 987
945 986
945 946
945 987
945 988
946 987
946 947
946 988
946 989
947 988
947 948
947 989
947 990
948 989
948 949
948 990
948 991
949 990
949 950
949 991
949 992
950 991
950 951
950 992
950 993
951 992
951 952
951 993
951 994
952 993
952 953
952 994
952 995
953 994
953 954
953 995
953 996
954 995
954 955
954 996
954 997
955 996
955 956
955 997
955 998
956 997
956 957
956 998
956 999
957 998
957 958
957 999
957 1000
958 999
958 959
958 1000
958 1001
959 1000
959 960
959 1001
959 1002
960 1001
960 961
960 1002
960 1003
961 1002
961 962
961 1003
961 1004
962 1003
962 963
962 1004
962 1005
963 1004
963 964
963 1005
963 1006
964 1005
964 965
964 1006
964 1007
965 1006
965 966
965 1007
965 1008
966 1007
967 968
967 1009
967 1010
968 1009
968 969
968 1010
968 1011
969 1010
969 970
969 1011
969 1012
970 1011
970 971
970 1012
970 1013
971 1012
971 972
971 1013
971 1014
972 1013
972 973
972 1014
972 1015
973 1014
973 974
973 1015
973 1016
974 1015
974 975
974 1016
974 1017
975 1016
975 976
975 1017
975 1018
976 1017
976 977
976 1018
976 1019
977 1018
977 978
977 1019
977 1020
978 1019
978 979
978 1020
978 1021
979 1020
979 980
979 1021
979 1022
980 1021
980 981
980 1022
980 1023
981 1022
981 982
981 1023
981 1024
982 1023
982 983
982 1024
982 1025
983 1024
983 984
983 1025
983 1026
984 1025
984 985
984 1026
984 1027
985 1026
985 986
985 1027
985 1028
986 1027
986 987
986 1028
986 1029
987 1028
987 988
987 1029
987 1030
988 1029
988 989
988 1030
988 1031
989 1030
989 990
989 1031
989 1032
990 1031
990 991
990 1032
990 1033
991 1032
991 992
991 1033
991 1034
992 1033
992 993
992 1034
992 1035
993 1034
993 994
993 1035
993 1036
994 1035
994 995
994 1036
994 1037
995 1036
995 996
995 1037
995 1038
996 1037
996 997
996 1038
996 1039
997 1038
997 998
997 1039
997 1040
998 1039
998 999
998 1040
998 1041
999 1040
999 1000
999 1041
999 1042
1000 1041
1000 1001
1000 1042
1000 1043
1001 1042
1001 1002
1001 1043
1001 1044
1002 1043
1002 1003
1002 1044
1002 1045
1003 1044
1003 1004
1003 1045
1003 1046
1004 1045
1004 1005
1004 1046
1004 1047
1005 1046
1005 1006
1005 1047
1005 1048
1006 1047
1006 1007
1006 1048
1006 1049
1007 1048
1007 1008
1007 1049
1007 1050
1008 1049
1009 1010
1009 1051
1009 1052
1010 1051
1010 1011
1010 1052
1010 1053
1011 1052
1011 1012
1011 1053
1011 1054
1012 1053
1012 1013
1012 1054
1012 1055
1013 1054
1013 1014
1013 1055
1013 1056
1014 1055
1014 1015
1014 1056
1014 1057
1015 1056
1015 1016
1015 1057
1015 1058
1016 1057
1016 1017
1016 1058
1016 1059
1017 1058
1017 1018
1017 1059
1017 1060
1018 1059
1018 1019
1018 1060
1018 1061
1019 1060
1019 1020
1019 1061
1019 1062
1020 1061
1020 1021
1020 1062
1020 1063
1021 1062
1021 1022
1021 1063
1021 1064
1022 1063
1022 1023
1022 1064
1022 1065
1023 1064
1023 1024
1023 1065
1023 1066
1024 1065
1024 1025
1024 1066
1024 1067
1025 1066
1025 1026
1025 1067
1025 1068
1026 1067
1026 1027
1026 1068
1026 1069
1027 1068
1027 1028
1027 1069
1027 1070
1028 1069
1028 1029
1028 1070
1028 1071
1029 1070
1029 1030
1029 1071
1029 1072
1030 1071
1030 1031
1030 1072
1030 1073
1031 1072
1031 1032
1031 1073
1031 1074
1032 1073
1032 1033
1032 1074
1032 1075
1033 1074
1033 1034
1033 1075
1033 1076
1034 1075
1034 1035
1034 1076
1034 1077
1035 1076
1035 1036
1035 1077
1035 1078
1036 1077
1036 1037
1036 1078
1036 1079
1037 1078
1037 1038
1037 1079
1037 1080
1038 1079
1038 1039
1038 1080
1038 1081
1039 1080
1039 1040
1039 1081
1039 1082
1040 1081
1040 1041
1040 1082
1040 1083
1041 1082
1041 1042
1041 1083
1041 1084
1042 1083
1042 1043
1042 1084
1042 1085
1043 1084
1043 1044
1043 1085
1043 1086
1044 1085
1044 1045
1044 1086
1044 1087
1045 1086
1045 1046
1045 1087
1045 1088
1046 1087
1046 1047
1046 1088
1046 1089
1047 1088
1047 1048
1047 1089
1047 1090
1048 1089
1048 1049
1048 1090
1048 1091
1049 1090
1049 1050
1049 1091
1049 1092
1050 1091
1051 1052
1051 1093
1051 1094
1052 1093
1052 1053
1052 1094
1052 1095
1053 1094
1053 1054
1053 1095
1053 1096
1054 1095
1054 1055
1054 1096
1054 1097
1055 1096
1055 1056
1055 1097
1055 1098
1056 1097
1056 1057
1056 1098
1056 1099
1057 1098
1057 1058
1057 1099
1057 1100
1058 1099
1058 1059
1058 1100
1058 1101
1059 1100
1059 1060
1059 1101
1059 1102
1060 1101
1060 1061
1060 1102
1060 1103
1061 1102
1061 1062
1061 1103
1061 1104
1062 1103
1062 1063
1062 1104
1062 1105
1063 1104
1063 1064
1063 1105
1063 1106
1064 1105
1064 1065
1064 1106
1064 1107
1065 1106
1065 1066
1065 1107
1065 1108
1066 1107
1066 1067
1066 1108
1066 1109
1067 1108
1067 1068
1067 1109
1067 1110
1068 1109
1068 1069
1068 1110
1068 1111
1069 1110
1069 1070
1069 1111
1069 1112
1070 1111
1070 1071
1070 1112
1070 1113
1071 1112
1071 1072
1071 1113
1071 1114
1072 1113
1072 1073
1072 1114
1072 1115
1073 1114
1073 1074
1073 1115
1073 1116
1074 1115
1074 1075
1074 1116
1074 1117
1075 1116
1075 1076
1075 1117
1075 1118
1076 1117
1076 1077
1076 1118
1076 1119
1077 1118
1077 1078
1077 1119
1077 1120
1078 1119
1078 1079
1078 1120
1078 1121
1079 1120
1079 1080
1079 1121
1079 1122
1080 1121
1080 1081
1080 1122
1080 1123
1081 1122
1081 1082
1081 1123
1081 1124
1082 1123
1082 1083
1082 1124
1082 1125
1083 1124
1083 1084
1083 1125
1083 1126
1084 1125
1084 1085
1084 1126
1084 1127
1085 1126
1085 1086
1085 1127
1085 1128
1086 1127
1086 1087
1086 1128
1086 1129
1087 1128
1087 1088
1087 1129
1087 1130
1088 1129
1088 1089
1088 1130
1088 1131
1089 1130
1089 1090
1089 1131
1089 1132
1090 1131
1090 1091
1090 1132
1090 1133
1091 1132
1091 1092
1091 1133
1091 1134
1092 1133
1093 1094
1093 1135
1093 1136
1094 1135
1094 1095
1094 1136
1094 1137
1095 1136
1095 1096
1095 1137
1095 1138
1096 1137
1096 1097
1096 1138
1096 1139
1097 1138
1097 1098
1097 1139
1097 1140
1098 1139
1098 1099
1098 1140
1098 1141
1099 1140
1099 1100
1099 1141
1099 1142
1100 1141
1100 1101
1100 1142
1100 1143
1101 1142
1101 1102
1101 1143
1101 1144
1102 1143
1102 1103
1102 1144
1102 1145
1103 1144
1103 1104
1103 1145
1103 1146
1104 1145
1104 1105
1104 1146
1104 1147
1105 1146
1105 1106
1105 1147
1105 1148
1106 1147
1106 1107
1106 1148
1106 1149
1107 1148
1107 1108
1107 1149
1107 1150
1108 1149
1108 1109
1108 1150
1108 1151
1109 1150
1109 1110
1109 1151
1109 1152
1110 1151
1110 1111
1110 1152
1110 1153
1111 1152
1111 1112
1111 1153
1111 1154
1112 1153
1112 1113
1112 1154
1112 1155
1113 1154
1113 1114
1113 1155
1113 1156
1114 1155
1114 1115
1114 1156
1114 1157
1115 1156
1115 1116
1115 1157
1115 1158
1116 1157
1116 1117
1116 1158
1116 1159
1117 1158
1117 1118
1117 1159
1117 1160
1118 1159
1118 1119
1118 1160
1118 1161
1119 1160
1119 1120
1119 1161
1119 1162
1120 1161
1120 1121
1120 1162
1120 1163
1121 1162
1121 1122
1121 1163
1121 1164
1122 1163
1122 1123
1122 1164
1122 1165
1123 1164
1123 1124
1123 1165
1123 1166
1124 1165
1124 1125
1124 1166
1124 1167
1125 1166
1125 1126
1125 1167
1125 1168
1126 1167
1126 1127
1126 1168
1126 1169
1127 1168
1127 1128
1127 1169
1127 1170
1128 1169
1128 1129
1128 1170
1128 1171
1129 1170
1129 1130
1129 1171
1129 1172
1130 1171
1130 1131
1130 1172
1130 1173
1131 1172
1131 1132
1131 1173
1131 1174
1132 1173
1132 1133
1132 1174
1132 1175
1133 1174
1133 1134
1133 1175
1133 1176
1134 1175
1135 1136
1135 1177
1135 1178
1136 1177
1136 1137
1136 1178
1136 1179
1137 1178
1137 1138
1137 1179
1137 1180
1138 1179
1138 1139
1138 1180
1138 1181
1139 1180
1139 1140
1139 1181
1139 1182
1140 1181
1140 1141
1140 1182
1140 1183
1141 1182
1141 1142
1141 1183
1141 1184
1142 1183
1142 1143
1142 1184
1142 1185
1143 1184
1143 1144
1143 1185
1143 1186
1144 1185
1144 1145
1144 1186
1144 1187
1145 1186
1145 1146
1145 1187
1145 1188
1146 1187
1146 1147
1146 1188
1146 1189
1147 1188
1147 1148
1147 1189
1147 1190
1148 1189
1148 1149
1148 1190
1148 1191
1149 1190
1149 1150
1149 1191
1149 1192
1150 1191
1150 1151
1150 1192
1150 1193
1151 1192
1151 1152
1151 1193
1151 1194
1152 1193
1152 1153
1152 1194
1152 1195
1153 1194
1153 1154
1153 1195
1153 1196
1154 1195
1154 1155
1154 1196
1154 1197
1155 1196
1155 1156
1155 1197
1155 1198
1156 1197
1156 1157
1156 1198
1156 1199
1157 1198
1157 1158
1157 1199
1157 1200
1158 1199
1158 1159
1158 1200
1158 1201
1159 1200
1159 1160
1159 1201
1159 1202
1160 1201
1160 1161
1160 1202
1160 1203
1161 1202
1161 1162
1161 1203
1161 1204
1162 1203
1162 1163
1162 1204
1162 1205
1163 1204
1163 1164
1163 1205
1163 1206
1164 1205
1164 1165
1164 1206
1164 1207
1165 1206
1165 1166
1165 1207
1165 1208
1166 1207
1166 1167
1166 1208
1166 1209
1167 1208
1167 1168
1167 1209
1167 1210
1168 1209
1168 1169
1168 1210
1168 1211
1169 1210
1169 1170
1169 1211
1169 1212
1170 1211
1170 1171
1170 1212
1170 1213
1171 1212
1171 1172
1171 1213
1171 1214
1172 1213
1172 1173
1172 1214
1172 1215
1173 1214
1173 1174
1173 1215
1173 1216
1174 1215
1174 1175
1174 1216
1174 1217
1175 1216
1175 1176
1175 1217
1175 1218
1176 1217
1177 1178
1177 1219
1177 1220
1178 1219
1178 1179
1178 1220
1178 1221
1179 1220
1179 1180
1179 1221
1179 1222
1180 1221
1180 1181
1180 1222
1180 1223
1181 1222
1181 1182
1181 1223
1181 1224
1182 1223
1182 1183
1182 1224
1182 1225
1183 1224
1183 1184
1183 1225
1183 1226
1184 1225
1184 1185
1184 1226
1184 1227
1185 1226
1185 1186
1185 1227
1185 1228
1186 1227
1186 1187
1186 1228
1186 1229
1187 1228
1187 1188
1187 1229
1187 1230
1188 1229
1188 1189
1188 1230
1188 1231
1189 1230
1189 1190
1189 1231
1189 1232
1190 1231
1190 1191
1190 1232
1190 1233
1191 1232
1191 1192
1191 1233
1191 1234
1192 1233
1192 1193
1192 1234
1192 1235
1193 1234
1193 1194
1193 1235
1193 1236
1194 1235
1194 1195
1194 1236
1194 1237
1195 1236
1195 1196
1195 1237
1195 1238
1196 1237
1196 1197
1196 1238
1196 1239
1197 1238
1197 1198
1197 1239
1197 1240
1198 1239
1198 1199
1198 1240
1198 1241
1199 1240
1199 1200
1199 1241
1199 1242
1200 1241
1200 1201
1200 1242
1200 1243
1201 1242
1201 1202
1201 1243
1201 1244
1202 1243
1202 1203
1202 1244
1202 1245
1203 1244
1203 1204
1203 1245
1203 1246
1204 1245
1204 1205
1204 1246
1204 1247
1205 1246
1205 1206
1205 1247
1205 1248
1206 1247
1206 1207
1206 1248
1206 1249
1207 1248
1207 1208
1207 1249
1207 1250
1208 1249
1208 1209
1208 1250
1208 1251
1209 1250
1209 1210
1209 1251
1209 1252
1210 1251
1210 1211
1210 1252
1210 1253
1211 1252
1211 1212
1211 1253
1211 1254
1212 1253
1212 1213
1212 1254
1212 1255
1213 1254
1213 1214
1213 1255
1213 1256
1214 1255
1214 1215
1214 1256
1214 1257
1215 1256
1215 1216
1215 1257
1215 1258
1216 1257
1216 1217
1216 1258
1216 1259
1217 1258
1217 1218
1217 1259
1217 1260
1218 1259
1219 1220
1219 1261
1219 1262
1220 1261
1220 1221
1220 1262
1220 1263
1221 1262
1221 1222
1221 1263
1221 1264
1222 1263
1222 1223
1222 1264
1222 1265
1223 1264
1223 1224
1223 1265
1223 1266
1224 1265
1224 1225
1224 1266
1224 1267
1225 1266
1225 1226
1225 1267
1225 1268
1226 1267
1226 1227
1226 1268
1226 1269
1227 1268
1227 1228
1227 1269
1227 1270
1228 1269
1228 1229
1228 1270
1228 1271
1229 1270
1229 1230
1229 1271
1229 1272
1230 1271
1230 1231
1230 1272
1230 1273
1231 1272
1231 1232
1231 1273
1231 1274
1232 1273
1232 1233
1232 1274
1232 1275
1233 1274
1233 1234
1233 1275
1233 1276
1234 1275
1234 1235
1234 1276
1234 1277
1235 1276
1235 1236
1235 1277
1235 1278
1236 1277
1236 1237
1236 1278
1236 1279
1237 1278
1237 1238
1237 1279
1237 1280
1238 1279
1238 1239
1238 1280
1238 1281
1239 1280
1239 1240
1239 1281
1239 1282
1240 1281
1240 1241
1240 1282
1240 1283
1241 1282
1241 1242
1241 1283
1241 1284
1242 1283
1242 1243
1242 1284
1242 1285
1243 1284
1243 1244
1243 1285
1243 1286
1244 1285
1244 1245
1244 1286
1244 1287
1245 1286
1245 1246
1245 1287
1245 1288
1246 1287
1246 1247
1246 1288
1246 1289
1247 1288
1247 1248
1247 1289
1247 1290
1248 1289
1248 1249
1248 1290
1248 1291
1249 1290
1249 1250
1249 1291
1249 1292
1250 1291
1250 1251
1250 1292
1250 1293
1251 1292
1251 1252
1251 1293
1251 1294
1252 1293
1252 1253
1252 1294
1252 1295
1253 1294
1253 1254
1253 1295
1253 1296
1254 1295
1254 1255
1254 1296
1254 1297
1255 1296
1255 1256
1255 1297
1255 1298
1256 1297
1256 1257
1256 1298
1256 1299
1257 1298
1257 1258
1257 1299
1257 1300
1258 1299
1258 1259
1258 1300
1258 1301
1259 1300
1259 1260
1259 1301
1259 1302
1260 1301
1261 1262
1261 1303
1261 1304
1262 1303
1262 1263
1262 1304
1262 1305
1263 1304
1263 1264
1263 1305
1263 1306
1264 1305
1264 1265
1264 1306
1264 1307
1265 1306
1265 1266
1265 1307
1265 1308
1266 1307
1266 1267
1266 1308
1266 1309
1267 1308
1267 1268
1267 1309
1267 1310
1268 1309
1268 1269
1268 1310
1268 1311
1269 1310
1269 1270
1269 1311
1269 1312
1270 1311
1270 1271
1270 1312
1270 1313
1271 1312
1271 1272
1271 1313
1271 1314
1272 1313
1272 1273
1272 1314
1272 1315
1273 1314
1273 1274
1273 1315
1273 1316
1274 1315
1274 1275
1274 1316
1274 1317
1275 1316
1275 1276
1275 1317
1275 1318
1276 1317
1276 1277
1276 1318
1276 1319
1277 1318
1277 1278
1277 1319
1277 1320
1278 1319
1278 1279
1278 1320
1278 1321
1279 1320
1279 1280
1279 1321
1279 1322
1280 1321
1280 1281
1280 1322
1280 1323
1281 1322
1281 1282
1281 1323
1281 1324
1282 1323
1282 1283
1282 1324
1282 1325
1283 1324
1283 1284
1283 1325
1283 1326
1284 1325
1284 1285
1284 1326
1284 1327
1285 1326
1285 1286
1285 1327
1285 1328
1286 1327
1286 1287
1286 1328
1286 1329
1287 1328
1287 1288
1287 1329
1287 1330
1288 1329
1288 1289
1288 1330
1288 1331
1289 1330
1289 1290
1289 1331
1289 1332
1290 1331
1290 1291
1290 1332
1290 1333
1291 1332
1291 1292
1291 1333
1291 1334
1292 1333
1292 1293
1292 1334
1292 1335
1293 1334
1293 1294
1293 1335
1293 1336
1294 1335
1294 1295
1294 1336
1294 1337
1295 1336
1295 1296
1295 1337
1295 1338
1296 1337
1296 1297
1296 1338
1296 1339
1297 1338
1297 1298
1297 1339
1297 1340
1298 1339
1298 1299
1298 1340
1298 1341
1299 1340
1299 1300
1299 1341
1299 1342
1300 1341
1300 1301
1300 1342
1300 1343
1301 1342
1301 1302
1301 1343
1301 1344
1302 1343
1303 1304
1303 1345
1303 1346
1304 1345
1304 1305
1304 1346
1304 1347
1305 1346
1305 1306
1305 1347
1305 1348
1306 1347
1306 1307
1306 1348
1306 1349
1307 1348
1307 1308
1307 1349
1307 1350
1308 1349
1308 1309
1308 1350
1308 1351
1309 1350
1309 1310
1309 1351
1309 1352
1310 1351
1310 1311
1310 1352
1310 1353
1311 1352
1311 1312
1311 1353
1311 1354
1312 1353
1312 1313
1312 1354
1312 1355
1313 1354
1313 1314
1313 1355
1313 1356
1314 1355
1314 1315
1314 1356
1314 1357
1315 1356
1315 1316
1315 1357
1315 1358
1316 1357
1316 1317
1316 1358
1316 1359
1317 1358
1317 1318
1317 1359
1317 1360
1318 1359
1318 1319
1318 1360
1318 1361
1319 1360
1319 1320
1319 1361
1319 1362
1320 1361
1320 1321
1320 1362
1320 1363
1321 1362
1321 1322
1321 1363
1321 1364
1322 1363
1322 1323
1322 1364
1322 1365
1323 1364
1323 1324
1323 1365
1323 1366
1324 1365
1324 1325
1324 1366
1324 1367
1325 1366
1325 1326
1325 1367
1325 1368
1326 1367
1326 1327
1326 1368
1326 1369
1327 1368
1327 1328
1327 1369
1327 1370
1328 1369
1328 1329
1328 1370
1328 1371
1329 1370
1329 1330
1329 1371
1329 1372
1330 1371
1330 1331
1330 1372
1330 1373
1331 1372
1331 1332
1331 1373
1331 1374
1332 1373
1332 1333
1332 1374
1332 1375
1333 1374
1333 1334
1333 1375
1333 1376
1334 1375
1334 1335
1334 1376
1334 1377
1335 1376
1335 1336
1335 1377
1335 1378
1336 1377
1336 1337
1336 1378
1336 1379
1337 1378
1337 1338
1337 1379
1337 1380
1338 1379
1338 1339
1338 1380
1338 1381
1339 1380
1339 1340
1339 1381
1339 1382
1340 1381
1340 1341
1340 1382
1340 1383
1341 1382
1341 1342
1341 1383
1341 1384
1342 1383
1342 1343
1342 1384
1342 1385
1343 1384
1343 1344
1343 1385
1343 1386
1344 1385
1345 1346
1345 1387
1345 1388
1346 1387
1346 1347
1346 1388
1346 1389
1347 1388
1347 1348
1347 1389
1347 1390
1348 1389
1348 1349
1348 1390
1348 1391
1349 1390
1349 1350
1349 1391
1349 1392
1350 1391
1350 1351
1350 1392
1350 1393
1351 1392
1351 1352
1351 1393
1351 1394
1352 1393
1352 1353
1352 1394
1352 1395
1353 1394
1353 1354
1353 1395
1353 1396
1354 1395
1354 1355
1354 1396
1354 1397
1355 1396
1355 1356
1355 1397
1355 1398
1356 1397
1356 1357
1356 1398
1356 1399
1357 1398
1357 1358
1357 1399
1357 1400
1358 1399
1358 1359
1358 1400
1358 1401
1359 1400
1359 1360
1359 1401
1359 1402
1360 1401
1360 1361
1360 1402
1360 1403
1361 1402
1361 1362
1361 1403
1361 1404
1362 1403
1362 1363
1362 1404
1362 1405
1363 1404
1363 1364
1363 1405
1363 1406
1364 1405
1364 1365
1364 1406
1364 1407
1365 1406
1365 1366
1365 1407
1365 1408
1366 1407
1366 1367
1366 1408
1366 1409
1367 1408
1367 1368
1367 1409
1367 1410
1368 1409
1368 1369
1368 1410
1368 1411
1369 1410
1369 1370
1369 1411
1369 1412
1370 1411
1370 1371
1370 1412
1370 1413
1371 1412
1371 1372
1371 1413
1371 1414
1372 1413
1372 1373
1372 1414
1372 1415
1373 1414
1373 1374
1373 1415
1373 1416
1374 1415
1374 1375
1374 1416
1374 1417
1375 1416
1375 1376
1375 1417
1375 1418
1376 1417
1376 1377
1376 1418
1376 1419
1377 1418
1377 1378
1377 1419
1377 1420
1378 1419
1378 1379
1378 1420
1378 1421
1379 1420
1379 1380
1379 1421
1379 1422
1380 1421
1380 1381
1380 1422
1380 1423
1381 1422
1381 1382
1381 1423
1381 1424
1382 1423
1382 1383
1382 1424
1382 1425
1383 1424
1383 1384
1383 1425
1383 1426
1384 1425
1384 1385
1384 1426
1384 1427
1385 1426
1385 1386
1385 1427
1385 1428
1386 1427
1387 1388
1387 1429
1387 1430
1388 1429
1388 1389
1388 1430
1388 1431
1389 1430
1389 1390
1389 1431
1389 1432
1390 1431
1390 1391
1390 1432
1390 1433
1391 1432
1391 1392
1391 1433
1391 1434
1392 1433
1392 1393
1392 1434
1392 1435
1393 1434
1393 1394
1393 1435
1393 1436
1394 1435
1394 1395
1394 1436
1394 1437
1395 1436
1395 1396
1395 1437
1395 1438
1396 1437
1396 1397
1396 1438
1396 1439
1397 1438
1397 1398
1397 1439
1397 1440
1398 1439
1398 1399
1398 1440
1398 1441
1399 1440
1399 1400
1399 1441
1399 1442
1400 1441
1400 1401
1400 1442
1400 1443
1401 1442
1401 1402
1401 1443
1401 1444
1402 1443
1402 1403
1402 1444
1402 1445
1403 1444
1403 1404
1403 1445
1403 1446
1404 1445
1404 1405
1404 1446
1404 1447
1405 1446
1405 1406
1405 1447
1405 1448
1406 1447
1406 1407
1406 1448
1406 1449
1407 1448
1407 1408
1407 1449
1407 1450
1408 1449
1408 1409
1408 1450
1408 1451
1409 1450
1409 1410
1409 1451
1409 1452
1410 1451
1410 1411
1410 1452
1410 1453
1411 1452
1411 1412
1411 1453
1411 1454
1412 1453
1412 1413
1412 1454
1412 1455
1413 1454
1413 1414
1413 1455
1413 1456
1414 1455
1414 1415
1414 1456
1414 1457
1415 1456
1415 1416
1415 1457
1415 1458
1416 1457
1416 1417
1416 1458
1416 1459
1417 1458
1417 1418
1417 1459
1417 1460
1418 1459
1418 1419
1418 1460
1418 1461
1419 1460
1419 1420
1419 1461
1419 1462
1420 1461
1420 1421
1420 1462
1420 1463
1421 1462
1421 1422
1421 1463
1421 1464
1422 1463
1422 1423
1422 1464
1422 1465
1423 1464
1423 1424
1423 1465
1423 1466
1424 1465
1424 1425
1424 1466
1424 1467
1425 1466
1425 1426
1425 1467
1425 1468
1426 1467
1426 1427
1426 1468
1426 1469
1427 1468
1427 1428
1427 1469
1427 1470
1428 1469
1429 1430
1429 1471
1429 1472
1430 1471
1430 1431
1430 1472
1430 1473
1431 1472
1431 1432
1431 1473
1431 1474
1432 1473
1432 1433
1432 1474
1432 1475
1433 1474
1433 1434
1433 1475
1433 1476
1434 1475
1434 1435
1434 1476
1434 1477
1435 1476
1435 1436
1435 1477
1435 1478
1436 1477
1436 1437
1436 1478
1436 1479
1437 1478
1437 1438
1437 1479
1437 1480
1438 1479
1438 1439
1438 1480
1438 1481
1439 1480
1439 1440
1439 1481
1439 1482
1440 1481
1440 1441
1440 1482
1440 1483
1441 1482
1441 1442
1441 1483
1441 1484
1442 1483
1442 1443
1442 1484
1442 1485
1443 1484
1443 1444
1443 1485
1443 1486
1444 1485
1444 1445
1444 1486
1444 1487
1445 1486
1445 1446
1445 1487
1445 1488
1446 1487
1446 1447
1446 1488
1446 1489
1447 1488
1447 1448
1447 1489
1447 1490
1448 1489
1448 1449
1448 1490
1448 1491
1449 1490
1449 1450
1449 1491
1449 1492
1450 1491
1450 1451
1450 1492
1450 1493
1451 1492
1451 1452
1451 1493
1451 1494
1452 1493
1452 1453
1452 1494
1452 1495
1453 1494
1453 1454
1453 1495
1453 1496
1454 1495
1454 1455
1454 1496
1454 1497
1455 1496
1455 1456
1455 1497
1455 1498
1456 1497
1456 1457
1456 1498
1456 1499
1457 1498
1457 1458
1457 1499
1457 1500
1458 1499
1458 1459
1458 1500
1458 1501
1459 1500
1459 1460
1459 1501
1459 1502
1460 1501
1460 1461
1460 1502
1460 1503
1461 1502
1461 1462
1461 1503
1461 1504
1462 1503
1462 1463
1462 1504
1462 1505
1463 1504
1463 1464
1463 1505
1463 1506
1464 1505
1464 1465
1464 1506
1464 1507
1465 1506
1465 1466
1465 1507
1465 1508
1466 1507
1466 1467
1466 1508
1466 1509
1467 1508
1467 1468
1467 1509
1467 1510
1468 1509
1468 1469
1468 1510
1468 1511
1469 1510
1469 1470
1469 1511
1469 1512
1470 1511
1471 1472
1471 1513
1471 1514
1472 1513
1472 1473
1472 1514
1472 1515
1473 1514
1473 1474
1473 1515
1473 1516
1474 1515
1474 1475
1474 1516
1474 1517
1475 1516
1475 1476
1475 1517
1475 1518
1476 1517
1476 1477
1476 1518
1476 1519
1477 1518
1477 1478
1477 1519
1477 1520
1478 1519
1478 1479
1478 1520
1478 1521
1479 1520
1479 1480
1479 1521
1479 1522
1480 1521
1480 1481
1480 1522
1480 1523
1481 1522
1481 1482
1481 1523
1481 1524
1482 1523
1482 1483
1482 1524
1482 1525
1483 1524
1483 1484
1483 1525
1483 1526
1484 1525
1484 1485
1484 1526
1484 1527
1485 1526
1485 1486
1485 1527
1485 1528
1486 1527
1486 1487
1486 1528
1486 1529
1487 1528
1487 1488
1487 1529
1487 1530
1488 1529
1488 1489
1488 1530
1488 1531
1489 1530
1489 1490
1489 1531
1489 1532
1490 1531
1490 1491
1490 1532
1490 1533
1491 1532
1491 1492
1491 1533
1491 1534
1492 1533
1492 1493
1492 1534
1492 1535
1493 1534
1493 1494
1493 1535
1493 1536
1494 1535
1494 1495
1494 1536
1494 1537
1495 1536
1495 1496
1495 1537
1495 1538
1496 1537
1496 1497
1496 1538
1496 1539
1497 1538
1497 1498
1497 1539
1497 1540
1498 1539
1498 1499
1498 1540
1498 1541
1499 1540
1499 1500
1499 1541
1499 1542
1500 1541
1500 1501
1500 1542
1500 1543
1501 1542
1501 1502
1501 1543
1501 1544
1502 1543
1502 1503
1502 1544
1502 1545
1503 1544
1503 1504
1503 1545
1503 1546
1504 1545
1504 1505
1504 1546
1504 1547
1505 1546
1505 1506
1505 1547
1505 1548
1506 1547
1506 1507
1506 1548
1506 1549
1507 1548
1507 1508
1507 1549
1507 1550
1508 1549
1508 1509
1508 1550
1508 1551
1509 1550
1509 1510
1509 1551
1509 1552
1510 1551
1510 1511
1510 1552
1510 1553
1511 1552
1511 1512
1511 1553
1511 1554
1512 1553
1513 1514
1513 1555
1513 1556
1514 1555
1514 1515
1514 1556
1514 1557
1515 1556
1515 1516
1515 1557
1515 1558
1516 1557
1516 1517
1516 1558
1516 1559
1517 1558
1517 1518
1517 1559
1517 1560
1518 1559
1518 1519
1518 1560
1518 1561
1519 1560
1519 1520
1519 1561
1519 1562
1520 1561
1520 1521
1520 1562
1520 1563
1521 1562
1521 1522
1521 1563
1521 1564
1522 1563
1522 1523
1522 1564
1522 1565
1523 1564
1523 1524
1523 1565
1523 1566
1524 1565
1524 1525
1524 1566
1524 1567
1525 1566
1525 1526
1525 1567
1525 1568
1526 1567
1526 1527
1526 1568
1526 1569
1527 1568
1527 1528
1527 1569
1527 1570
1528 1569
1528 1529
1528 1570
1528 1571
1529 1570
1529 1530
1529 1571
1529 1572
1530 1571
1530 1531
1530 1572
1530 1573
1531 1572
1531 1532
1531 1573
1531 1574
1532 1573
1532 1533
1532 1574
1532 1575
1533 1574
1533 1534
1533 1575
1533 1576
1534 1575
1534 1535
1534 1576
1534 1577
1535 1576
1535 1536
1535 1577
1535 1578
1536 1577
1536 1537
1536 1578
1536 1579
1537 1578
1537 1538
1537 1579
1537 1580
1538 1579
1538 1539
1538 1580
1538 1581
1539 1580
1539 1540
1539 1581
1539 1582
1540 1581
1540 1541
1540 1582
1540 1583
1541 1582
1541 1542
1541 1583
1541 1584
1542 1583
1542 1543
1542 1584
1542 1585
1543 1584
1543 1544
1543 1585
1543 1586
1544 1585
1544 1545
1544 1586
1544 1587
1545 1586
1545 1546
1545 1587
1545 1588
1546 1587
1546 1547
1546 1588
1546 1589
1547 1588
1547 1548
1547 1589
1547 1590
1548 1589
1548 1549
1548 1590
1548 1591
1549 1590
1549 1550
1549 1591
1549 1592
1550 1591
1550 1551
1550 1592
1550 1593
1551 1592
1551 1552
1551 1593
1551 1594
1552 1593
1552 1553
1552 1594
1552 1595
1553 1594
1553 1554
1553 1595
1553 1596
1554 1595
1555 1556
1555 1597
1555 1598
1556 1597
1556 1557
1556 1598
1556 1599
1557 1598
1557 1558
1557 1599
1557 1600
1558 1599
1558 1559
1558 1600
1558 1601
1559 1600
1559 1560
1559 1601
1559 1602
1560 1601
1560 1561
1560 1602
1560 1603
1561 1602
1561 1562
1561 1603
1561 1604
1562 1603
1562 1563
1562 1604
1562 1605
1563 1604
1563 1564
1563 1605
1563 1606
1564 1605
1564 1565
1564 1606
1564 1607
1565 1606
1565 1566
1565 1607
1565 1608
1566 1607
1566 1567
1566 1608
1566 1609
1567 1608
1567 1568
1567 1609
1567 1610
1568 1609
1568 1569
1568 1610
1568 1611
1569 1610
1569 1570
1569 1611
1569 1612
1570 1611
1570 1571
1570 1612
1570 1613
1571 1612
1571 1572
1571 1613
1571 1614
1572 1613
1572 1573
1572 1614
1572 1615
1573 1614
1573 1574
1573 1615
1573 1616
1574 1615
1574 1575
1574 1616
1574 1617
1575 1616
1575 1576
1575 1617
1575 1618
1576 1617
1576 1577
1576 1618
1576 1619
1577 1618
1577 1578
1577 1619
1577 1620
1578 1619
1578 1579
1578 1620
1578 1621
1579 1620
1579 1580
1579 1621
1579 1622
1580 1621
1580 1581
1580 1622
1580 1623
1581 1622
1581 1582
1581 1623
1581 1624
1582 1623
1582 1583
1582 1624
1582 1625
1583 1624
1583 1584
1583 1625
1583 1626
1584 1625
1584 1585
1584 1626
1584 1627
1585 1626
1585 1586
1585 1627
1585 1628
1586 1627
1586 1587
1586 1628
1586 1629
1587 1628
1587 1588
1587 1629
1587 1630
1588 1629
1588 1589
1588 1630
1588 1631
1589 1630
1589 1590
1589 1631
1589 1632
1590 1631
1590 1591
1590 1632
1590 1633
1591 1632
1591 1592
1591 1633
1591 1634
1592 1633
1592 1593
1592 1634
1592 1635
1593 1634
1593 1594
1593 1635
1593 1636
1594 1635
1594 1595
1594 1636
1594 1637
1595 1636
1595 1596
1595 1637
1595 1638
1596 1637
1597 1598
1597 1639
1597 1640
1598 1639
1598 1599
1598 1640
1598 1641
1599 1640
1599 1600
1599 1641
1599 1642
1600 1641
1600 1601
1600 1642
1600 1643
1601 1642
1601 1602
1601 1643
1601 1644
1602 1643
1602 1603
1602 1644
1602 1645
1603 1644
1603 1604
1603 1645
1603 1646
1604 1645
1604 1605
1604 1646
1604 1647
1605 1646
1605 1606
1605 1647
1605 1648
1606 1647
1606 1607
1606 1648
1606 1649
1607 1648
1607 1608
1607 1649
1607 1650
1608 1649
1608 1609
1608 1650
1608 1651
1609 1650
1609 1610
1609 1651
1609 1652
1610 1651
1610 1611
1610 1652
1610 1653
1611 1652
1611 1612
1611 1653
1611 1654
1612 1653
1612 1613
1612 1654
1612 1655
1613 1654
1613 1614
1613 1655
1613 1656
1614 1655
1614 1615
1614 1656
1614 1657
1615 1656
1615 1616
1615 1657
1615 1658
1616 1657
1616 1617
1616 1658
1616 1659
1617 1658
1617 1618
1617 1659
1617 1660
1618 1659
1618 1619
1618 1660
1618 1661
1619 1660
1619 1620
1619 1661
1619 1662
1620 1661
1620 1621
1620 1662
1620 1663
1621 1662
1621 1622
1621 1663
1621 1664
1622 1663
1622 1623
1622 1664
1622 1665
1623 1664
1623 1624
1623 1665
1623 1666
1624 1665
1624 1625
1624 1666
1624 1667
1625 1666
1625 1626
1625 1667
1625 1668
1626 1667
1626 1627
1626 1668
1626 1669
1627 1668
1627 1628
1627 1669
1627 1670
1628 1669
1628 1629
1628 1670
1628 1671
1629 1670
1629 1630
1629 1671
1629 1672
1630 1671
1630 1631
1630 1672
1630 1673
1631 1672
1631 1632
1631 1673
1631 1674
1632 1673
1632 1633
1632 1674
1632 1675
1633 1674
1633 1634
1633 1675
1633 1676
1634 1675
1634 1635
1634 1676
1634 1677
1635 1676
1635 1636
1635 1677
1635 1678
1636 1677
1636 1637
1636 1678
1636 1679
1637 1678
1637 1638
1637 1679
1637 1680
1638 1679
1639 1640
1639 1681
1639 1682
1640 1681
1640 1641
1640 1682
1640 1683
1641 1682
1641 1642
1641 1683
1641 1684
1642 1683
1642 1643
1642 1684
1642 1685
1643 1684
1643 1644
1643 1685
1643 1686
1644 1685
1644 1645
1644 1686
1644 1687
1645 1686
1645 1646
1645 1687
1645 1688
1646 1687
1646 1647
1646 1688
1646 1689
1647 1688
1647 1648
1647 1689
1647 1690
1648 1689
1648 1649
1648 1690
1648 1691
1649 1690
1649 1650
1649 1691
1649 1692
1650 1691
1650 1651
1650 1692
1650 1693
1651 1692
1651 1652
1651 1693
1651 1694
1652 1693
1652 1653
1652 1694
1652 1695
1653 1694
1653 1654
1653 1695
1653 1696
1654 1695
1654 1655
1654 1696
1654 1697
1655 1696
1655 1656
1655 1697
1655 1698
1656 1697
1656 1657
1656 1698
1656 1699
1657 1698
1657 1658
1657 1699
1657 1700
1658 1699
1658 1659
1658 1700
1658 1701
1659 1700
1659 1660
1659 1701
1659 1702
1660 1701
1660 1661
1660 1702
1660 1703
1661 1702
1661 1662
1661 1703
1661 1704
1662 1703
1662 1663
1662 1704
1662 1705
1663 1704
1663 1664
1663 1705
1663 1706
1664 1705
1664 1665
1664 1706
1664 1707
1665 1706
1665 1666
1665 1707
1665 1708
1666 1707
1666 1667
1666 1708
1666 1709
1667 1708
1667 1668
1667 1709
1667 1710
1668 1709
1668 1669
1668 1710
1668 1711
1669 1710
1669 1670
1669 1711
1669 1712
1670 1711
1670 1671
1670 1712
1670 1713
1671 1712
1671 1672
1671 1713
1671 1714
1672 1713
1672 1673
1672 1714
1672 1715
1673 1714
1673 1674
1673 1715
1673 1716
1674 1715
1674 1675
1674 1716
1674 1717
1675 1716
1675 1676
1675 1717
1675 1718
1676 1717
1676 1677
1676 1718
1676 1719
1677 1718
1677 1678
1677 1719
1677 1720
1678 1719
1678 1679
1678 1720
1678 1721
1679 1720
1679 1680
1679 1721
1679 1722
1680 1721
1681 1682
1681 1723
1681 1724
1682 1723
1682 1683
1682 1724
1682 1725
1683 1724
1683 1684
1683 1725
1683 1726
1684 1725
1684 1685
1684 1726
1684 1727
1685 1726
1685 1686
1685 1727
1685 1728
1686 1727
1686 1687
1686 1728
1686 1729
1687 1728
1687 1688
1687 1729
1687 1730
1688 1729
1688 1689
1688 1730
1688 1731
1689 1730
1689 1690
1689 1731
1689 1732
1690 1731
1690 1691
1690 1732
1690 1733
1691 1732
1691 1692
1691 1733
1691 1734
1692 1733
1692 1693
1692 1734
1692 1735
1693 1734
1693 1694
1693 1735
1693 1736
1694 1735
1694 1695
1694 1736
1694 1737
1695 1736
1695 1696
1695 1737
1695 1738
1696 1737
1696 1697
1696 1738
1696 1739
1697 1738
1697 1698
1697 1739
1697 1740
1698 1739
1698 1699
1698 1740
1698 1741
1699 1740
1699 1700
1699 1741
1699 1742
1700 1741
1700 1701
1700 1742
1700 1743
1701 1742
1701 1702
1701 1743
1701 1744
1702 1743
1702 1703
1702 1744
1702 1745
1703 1744
1703 1704
1703 1745
1703 1746
1704 1745
1704 1705
1704 1746
1704 1747
1705 1746
1705 1706
1705 1747
1705 1748
1706 1747
1706 1707
1706 1748
1706 1749
1707 1748
1707 1708
1707 1749
1707 1750
1708 1749
1708 1709
1708 1750
1708 1751
1709 1750
1709 1710
1709 1751
1709 1752
1710 1751
1710 1711
1710 1752
1710 1753
1711 1752
1711 1712
1711 1753
1711 1754
1712 1753
1712 1713
1712 1754
1712 1755
1713 1754
1713 1714
1713 1755
1713 1756
1714 1755
1714 1715
1714 1756
1714 1757
1715 1756
1715 1716
1715 1757
1715 1758
1716 1757
1716 1717
1716 1758
1716 1759
1717 1758
1717 1718
1717 1759
1717 1760
1718 1759
1718 1719
1718 1760
1718 1761
1719 1760
1719 1720
1719 1761
1719 1762
1720 1761
1720 1721
1720 1762
1720 1763
1721 1762
1721 1722
1721 1763
1721 1764
1722 1763
42 84
84 126
126 168
168 210
210 252
252 294
294 336
336 378
378 420
420 462
462 504
504 546
546 588
588 630
630 672
672 714
714 756
756 798
798 840
840 882
882 924
924 966
966 1008
1008 1050
1050 1092
1092 1134
1134 1176
1176 1218
1218 1260
1260 1302
1302 1344
1344 1386
1386 1428
1428 1470
1470 1512
1512 1554
1554 1596
1596 1638
1638 1680
1680 1722
1722 1764
1723 1724
1724 1725
1725 1726
1726 1727
1727 1728
1728 1729
1729 1730
1730 1731
1731 1732
1732 1733
1733 1734
1734 1735
1735 1736
1736 1737
1737 1738
1738 1739
1739 1740
1740 1741
1741 1742
1742 1743
1743 1744
1744 1745
1745 1746
1746 1747
1747 1748
1748 1749
1749 1750
1750 1751
1751 1752
1752 1753
1753 1754
1754 1755
1755 1756
1756 1757
1757 1758
1758 1759
1759 1760
1760 1761
1761 1762
1762 1763
1763 1764
