274 5155
194 225 12
32 194 2
32 64 12
32 265 1
84 225 12
58 64 13
32 112 12
112 126 0
58 73 5
129 194 5
32 174 15
58 110 9
14 126 0
126 128 13
166 225 10
94 129 10
143 174 15
14 229 3
21 58 15
126 223 3
225 267 11
22 110 2
90 128 7
21 154 3
118 166 11
36 229 7
64 65 8
112 187 13
80 187 10
27 223 14
104 225 0
80 138 11
14 86 15
64 266 8
14 179 13
211 267 12
25 225 2
64 192 1
33 36 12
64 260 6
211 252 11
25 231 7
221 223 10
187 264 6
17 267 13
193 231 14
67 112 8
120 252 4
37 84 15
110 233 2
150 193 2
17 134 13
225 268 8
17 142 0
100 110 13
43 179 5
229 255 8
58 99 10
249 255 10
11 32 7
25 196 6
184 193 1
233 261 5
11 257 1
46 64 7
164 187 0
157 266 10
38 90 9
225 256 2
48 211 9
72 154 14
123 225 11
29 184 13
91 221 0
213 257 8
30 225 2
16 112 11
2 38 6
132 252 15
94 124 6
127 179 15
145 261 3
91 165 6
139 267 1
69 211 6
21 215 15
47 104 0
168 194 2
203 229 14
44 249 3
72 199 8
103 168 13
183 215 3
47 57 5
241 260 9
77 257 13
55 100 11
11 259 12
4 150 3
224 249 6
37 204 4
112 141 12
201 267 13
54 99 13
110 263 7
183 269 3
1 77 13
17 235 0
142 156 13
141 144 12
136 157 3
78 103 11
6 84 9
29 66 3
31 187 13
106 156 1
74 187 14
96 265 0
163 257 8
175 221 11
192 273 12
95 233 12
43 206 1
24 67 12
46 160 14
146 267 5
160 202 13
41 127 3
165 240 3
203 253 0
31 49 9
138 274 15
170 269 0
28 118 0
138 172 7
12 100 3
16 155 10
47 131 10
109 266 2
40 229 5
42 225 5
130 144 11
130 212 13
10 164 15
60 123 4
75 172 9
27 71 12
68 265 11
189 231 12
92 194 2
166 198 8
161 263 8
152 198 14
258 265 12
68 169 0
83 266 7
140 258 11
209 215 13
228 263 13
139 226 5
19 155 0
3 228 8
114 156 11
132 162 3
140 222 8
38 159 3
6 232 11
21 251 0
146 217 15
1 117 10
33 101 9
116 261 13
8 126 0
40 151 0
45 249 1
18 46 9
151 167 1
52 263 7
74 111 5
35 109 12
71 176 10
57 107 13
117 191 5
143 239 7
146 246 15
13 114 9
73 227 8
60 70 10
97 264 12
104 149 14
201 214 10
49 102 4
137 260 3
144 205 6
90 248 2
224 234 0
105 150 12
46 87 14
18 195 12
82 221 9
94 185 1
25 237 14
5 232 7
177 184 5
33 219 7
53 92 4
60 181 2
11 98 5
68 153 9
8 250 13
59 131 15
23 58 15
220 227 1
7 233 5
37 218 10
102 171 8
38 271 8
193 200 10
15 198 7
75 207 11
9 142 3
26 92 15
50 59 1
37 186 15
125 134 11
44 272 2
89 224 9
7 147 11
93 96 7
20 194 11
121 156 1
179 247 7
18 243 15
229 245 13
34 164 3
103 270 10
150 208 5
197 239 7
152 216 12
182 228 0
72 115 4
119 209 0
76 125 12
54 62 3
122 233 8
108 216 14
39 125 3
149 210 1
56 221 8
79 231 7
30 51 7
88 273 10
135 170 6
61 124 11
26 180 12
188 263 5
173 241 14
124 244 11
143 262 4
185 254 15
137 242 6
79 81 9
35 85 12
113 258 3
73 148 12
182 190 11
77 236 10
12 158 11
63 110 0
213 230 0
178 261 4
238 274 11
8 133 4
188 213 10
237 257 2
172 177 9
242 251 6
23 96 1
56 206 8
219 222 7
180 259 1
115 193 5
83 214 1
43 95 12
259 272 9
165 194 2
168 229 11
146 227 14
145 158 10
230 240 13
261 269 4
201 202 1
259 267 12
77 141 1
149 213 15
214 233 0
100 170 10
189 234 1
175 181 3
62 187 6
117 118 7
244 250 6
126 177 14
138 174 6
1 176 15
94 196 4
205 252 10
263 274 12
16 110 11
101 231 10
116 237 6
40 266 8
227 252 13
39 69 2
168 182 6
247 270 8
85 165 4
115 157 14
89 242 12
30 233 2
31 99 1
5 218 13
48 194 14
18 274 14
248 255 8
55 267 1
124 142 1
24 207 11
149 168 3
97 271 12
136 242 9
20 50 0
64 256 4
126 191 0
210 236 13
11 18 1
139 240 14
177 251 4
97 188 14
207 229 2
149 212 4
38 102 10
156 207 10
135 264 4
91 100 5
24 142 14
255 273 15
106 111 14
196 253 3
150 187 15
262 265 3
116 134 7
101 237 0
117 228 12
63 86 11
55 156 8
172 206 14
247 267 12
130 197 2
135 260 7
5 185 11
100 197 14
102 246 9
227 236 3
83 134 15
13 171 1
121 251 11
61 151 5
42 79 14
229 256 3
199 201 6
9 76 10
146 179 2
54 212 15
161 188 2
64 217 9
70 140 2
68 85 10
92 253 5
216 232 11
48 136 13
2 187 9
36 85 2
81 192 3
50 182 10
118 137 14
258 266 13
42 69 10
157 245 10
227 247 15
39 47 9
23 227 5
81 110 2
200 256 12
186 196 12
162 224 1
57 112 0
248 252 5
59 168 7
59 256 9
165 198 10
162 260 3
18 48 8
246 267 10
83 180 2
148 161 10
135 184 14
253 265 8
139 262 4
268 274 9
65 115 14
248 264 10
60 253 13
150 171 2
197 232 11
159 219 0
43 235 2
271 273 15
28 80 15
59 159 15
64 114 6
32 237 13
156 265 1
172 212 3
79 252 14
265 272 6
243 257 1
180 208 4
260 274 14
8 110 11
99 200 3
123 224 8
181 263 4
108 182 4
71 148 2
100 261 1
143 256 2
183 251 2
49 207 11
3 273 6
80 150 14
12 274 0
169 262 12
20 30 3
102 155 10
5 112 12
81 148 4
118 177 6
269 274 14
260 273 2
201 271 13
238 252 7
211 233 4
208 252 5
179 227 13
180 246 14
264 271 3
2 108 2
223 256 4
256 265 2
189 238 3
202 234 2
144 220 15
156 177 3
122 218 10
76 94 4
137 261 6
165 227 11
257 268 12
37 262 5
90 268 5
239 274 4
185 247 8
194 227 7
272 273 15
201 225 12
181 211 3
161 167 5
12 268 10
92 101 1
63 159 8
224 255 12
92 106 3
68 207 3
241 270 9
240 268 11
185 196 9
49 238 6
154 219 0
25 77 13
4 229 1
93 117 7
98 103 2
163 258 9
23 167 13
135 154 1
131 173 1
191 206 2
202 264 8
49 91 7
116 128 14
13 207 10
166 229 2
102 126 14
237 267 1
262 270 7
179 180 7
154 185 0
113 140 8
255 272 5
246 266 0
80 133 14
170 184 12
52 68 12
133 210 15
224 235 11
176 193 15
255 269 6
132 265 0
233 240 10
66 209 14
116 206 2
93 236 5
113 200 2
15 173 2
217 234 5
17 147 6
169 199 12
105 253 4
95 140 6
226 268 7
126 183 12
105 108 11
92 222 7
59 130 2
101 178 8
141 270 2
8 22 9
208 249 5
102 192 14
262 268 5
166 174 7
220 228 0
142 190 1
157 163 7
66 133 4
7 78 2
239 261 2
207 241 11
250 257 5
190 254 2
96 139 9
264 269 3
22 181 11
152 167 6
44 81 12
46 251 7
197 209 3
30 246 2
153 196 3
240 257 15
72 178 14
30 163 10
123 200 2
122 207 5
264 270 11
253 263 13
273 274 1
224 259 4
162 202 1
137 234 13
5 146 1
164 268 10
95 204 5
62 188 5
254 263 6
161 194 15
4 96 3
56 269 14
99 161 10
13 157 11
208 270 5
161 235 2
267 272 10
166 206 15
250 270 11
215 259 0
136 266 5
223 272 1
133 224 6
150 252 0
178 265 5
100 135 4
269 273 9
210 232 3
219 245 4
270 274 2
66 126 14
134 165 13
213 245 5
193 270 4
203 213 4
100 122 1
82 86 5
190 231 11
221 240 6
136 218 14
130 156 5
26 99 4
80 202 4
179 209 5
121 238 15
205 229 0
119 253 6
185 272 10
264 274 9
255 271 11
122 208 14
172 199 0
237 243 5
7 111 7
252 255 13
3 58 14
246 269 15
227 274 7
144 162 3
119 164 15
49 260 3
96 205 8
115 227 4
187 218 9
4 92 1
200 203 12
167 238 10
108 174 9
216 263 13
263 272 4
154 248 7
69 180 8
166 219 12
150 258 2
261 267 8
13 109 12
102 206 11
17 210 6
247 263 7
91 233 5
125 135 10
208 216 8
25 250 11
196 232 0
3 274 8
68 91 8
33 211 14
196 209 5
103 122 10
6 157 9
149 259 13
32 182 15
61 112 12
227 249 0
120 123 9
7 274 15
269 272 8
207 222 15
223 252 7
88 222 5
23 97 4
233 242 10
29 219 13
16 28 2
139 273 14
209 216 3
153 194 10
61 70 3
14 228 10
218 265 4
10 13 3
91 160 0
22 134 4
128 190 7
34 163 14
146 225 2
57 169 15
9 248 8
169 206 13
162 187 3
44 209 13
58 184 13
124 228 5
202 243 9
237 270 6
138 240 12
111 260 6
201 227 4
233 269 10
157 274 8
91 116 15
140 173 1
19 74 8
228 251 12
220 224 10
158 199 5
32 264 11
125 199 4
105 231 11
220 260 14
184 203 14
136 243 0
150 194 11
208 240 13
107 154 9
63 200 11
177 198 8
17 187 4
159 221 15
50 130 3
263 271 9
8 115 4
242 271 4
202 260 7
10 123 10
151 241 14
227 271 10
223 266 12
98 120 11
47 274 1
53 90 10
223 257 11
190 191 3
72 113 9
139 164 11
53 82 11
6 137 1
212 230 0
55 235 7
75 249 13
102 114 12
82 264 6
196 251 2
160 252 8
262 273 15
68 261 6
102 167 11
60 80 3
236 246 6
15 152 7
215 229 11
182 209 11
170 209 15
134 154 2
55 212 9
176 231 14
168 211 8
239 268 12
34 165 15
264 268 15
106 256 1
21 145 4
235 255 10
13 263 3
22 37 3
240 269 4
97 111 5
232 268 6
19 271 11
4 24 0
106 122 8
127 259 13
119 219 3
54 108 9
70 144 5
148 167 2
4 123 14
256 260 1
80 95 13
14 90 7
2 178 9
25 136 4
13 176 4
2 163 12
69 258 13
27 48 9
73 190 0
131 226 7
212 248 11
51 194 5
249 257 2
144 257 3
64 187 12
55 255 15
35 189 9
258 261 7
5 210 2
13 111 0
266 269 0
224 229 8
91 224 1
47 153 4
108 112 11
87 144 9
265 269 12
115 206 9
218 237 11
47 207 13
16 239 12
268 273 10
216 271 4
113 121 0
155 161 4
242 257 9
224 273 9
36 71 3
142 263 14
70 245 15
115 135 11
70 168 11
156 160 9
217 238 13
55 72 1
261 270 13
250 264 6
186 263 2
256 261 11
117 161 8
117 232 15
63 139 6
260 271 7
151 208 13
10 111 15
222 248 0
9 145 0
175 199 14
143 181 9
186 189 7
27 178 9
1 196 11
91 193 13
197 273 5
258 264 2
217 263 2
178 235 14
96 104 12
261 265 10
123 252 12
29 187 13
69 76 13
243 251 2
3 45 2
184 197 1
170 195 6
147 260 15
259 261 11
125 202 5
203 258 7
9 165 1
119 197 14
218 233 12
232 240 15
181 219 14
184 266 10
37 255 9
26 45 12
266 274 14
60 83 13
167 246 14
39 103 8
158 257 14
258 269 14
212 274 4
229 241 5
216 221 7
99 255 13
20 124 0
210 216 9
152 174 9
223 271 9
159 165 7
34 69 3
44 182 5
54 93 1
102 190 15
232 242 5
155 156 5
75 221 1
144 182 12
146 251 9
169 190 6
199 243 6
142 269 12
91 173 6
180 265 3
165 208 5
172 245 1
63 270 11
27 261 8
113 197 9
145 219 0
244 269 5
161 195 9
198 230 4
241 261 4
101 154 8
220 264 12
187 237 15
171 180 2
54 110 14
69 84 7
154 171 13
252 259 10
89 127 14
239 267 0
94 177 5
98 148 13
228 229 11
123 146 12
188 227 9
75 226 13
17 166 7
104 248 9
31 194 10
171 179 9
2 37 7
225 260 11
149 172 0
217 218 14
135 145 0
154 175 5
159 246 2
97 196 11
231 237 10
197 256 0
216 267 3
141 255 3
116 211 0
133 260 7
141 238 7
198 220 15
170 239 2
111 233 11
74 165 10
168 170 3
3 110 9
230 234 3
9 66 6
40 268 8
79 269 4
193 246 8
23 266 9
29 127 7
100 231 0
207 251 1
207 237 5
204 220 13
54 154 10
9 172 11
60 128 1
96 184 8
41 172 8
98 165 15
214 259 2
35 255 10
66 222 12
180 251 9
228 269 2
228 247 13
144 193 12
196 227 9
187 196 0
105 266 7
125 210 3
38 239 9
175 180 6
90 193 0
193 260 8
28 144 12
100 204 8
55 237 11
27 163 10
104 184 8
113 249 13
51 243 15
183 204 11
244 271 12
66 262 0
47 233 8
108 199 10
218 251 5
89 93 12
99 238 11
129 149 4
221 222 14
150 156 5
153 170 0
156 273 9
34 47 10
257 260 8
263 266 11
78 115 1
129 249 15
167 210 11
261 268 6
115 214 7
146 265 5
57 91 8
14 76 6
157 211 3
1 273 11
38 188 14
2 83 5
164 184 3
229 265 4
174 202 5
223 254 1
72 165 0
256 268 10
243 260 15
199 235 12
56 177 1
61 240 13
228 230 0
107 239 7
205 273 0
76 110 6
202 229 9
95 198 13
65 72 1
53 233 13
55 258 3
262 271 1
191 195 2
74 83 6
107 119 11
175 234 5
219 231 0
185 251 5
70 98 15
168 172 12
267 274 8
203 211 15
170 237 7
6 213 14
101 247 4
32 201 10
231 258 14
115 201 9
97 184 9
267 273 13
24 96 12
156 245 7
62 97 4
116 268 7
91 250 6
132 182 10
13 251 14
114 263 9
107 185 2
141 207 7
71 122 12
208 253 11
224 225 2
236 249 14
1 224 4
39 159 3
93 140 3
107 151 5
220 230 9
142 261 13
87 245 15
118 167 8
181 257 12
207 226 9
74 174 3
209 219 11
233 260 0
34 64 6
203 247 7
115 127 1
93 177 3
111 231 4
30 177 15
78 205 9
119 161 13
61 183 14
182 261 6
50 139 7
173 272 10
13 172 14
232 233 13
125 254 14
13 200 2
193 228 6
231 266 3
30 141 15
171 234 6
23 162 9
225 271 11
256 259 5
190 267 1
55 264 0
95 211 5
9 97 10
125 127 14
104 113 10
5 128 13
247 274 9
142 251 11
8 246 7
69 187 2
12 168 15
126 170 1
133 142 4
227 266 0
206 259 9
93 119 0
28 38 0
224 230 10
167 254 7
81 155 4
202 218 7
211 253 6
28 243 9
260 268 8
36 176 14
192 269 7
192 238 1
266 273 5
40 88 11
149 268 4
131 242 14
108 240 1
271 274 12
100 191 10
6 77 5
77 242 1
10 112 12
46 209 15
248 251 12
13 154 10
148 235 0
243 246 9
23 127 13
71 221 7
87 91 8
133 165 4
252 273 11
267 270 15
123 257 13
87 167 8
264 273 10
143 259 4
145 155 7
79 139 8
128 143 12
9 11 15
217 237 5
63 95 10
93 164 0
93 187 8
117 264 4
58 116 2
133 269 9
258 272 4
47 241 0
173 230 6
157 175 13
238 241 14
160 173 4
46 261 15
190 211 0
107 205 13
158 235 12
240 267 8
49 154 5
265 271 10
219 273 9
27 64 8
253 274 2
107 194 13
100 171 15
33 198 0
19 250 0
163 180 2
32 51 4
55 250 5
73 171 6
59 95 7
141 268 10
21 84 11
61 152 9
186 271 4
179 184 9
186 228 4
175 241 14
92 129 7
221 258 4
251 259 14
211 259 12
233 254 7
145 230 5
39 244 2
245 262 14
194 198 8
33 43 7
63 124 11
196 215 15
10 119 8
86 149 4
220 223 7
194 236 8
201 237 3
13 67 15
128 244 14
237 244 10
105 262 11
11 75 2
109 271 3
188 202 1
266 271 0
135 213 12
56 189 5
130 271 2
31 156 11
210 234 4
211 232 9
28 269 13
158 202 5
228 255 3
261 273 2
208 220 3
230 251 12
69 247 7
209 251 4
12 204 0
120 130 10
239 249 11
18 79 2
87 183 11
104 221 6
181 261 0
177 212 11
15 23 6
167 205 11
152 189 8
207 208 10
96 99 15
241 242 8
165 243 1
133 261 13
190 238 12
66 215 14
202 214 7
113 274 6
147 254 11
237 260 0
114 258 14
35 238 14
248 268 6
86 181 2
27 102 10
113 242 9
192 261 6
65 166 0
59 103 1
105 178 14
103 227 0
121 270 0
266 272 2
163 183 5
197 222 1
252 256 12
180 198 1
99 225 3
74 160 10
137 253 11
44 232 12
227 273 11
209 265 13
46 214 9
219 262 1
266 267 6
236 264 14
137 257 4
104 161 13
177 217 3
198 223 8
107 213 5
258 259 9
139 204 0
211 271 3
79 104 7
91 236 9
25 44 7
30 242 3
180 195 6
144 212 3
211 237 12
69 154 15
3 208 11
79 212 10
77 185 11
26 44 0
221 273 14
51 96 3
215 252 10
101 238 12
143 221 0
45 195 2
193 215 14
235 261 13
132 241 15
171 223 10
243 264 8
76 262 15
241 243 0
28 259 0
209 213 11
122 214 4
240 270 11
220 226 1
34 100 7
234 269 8
203 255 0
4 133 11
190 255 3
49 143 2
265 266 1
14 207 8
173 225 6
207 266 2
32 215 11
226 254 15
256 257 6
144 240 2
228 241 2
260 267 12
179 210 2
229 248 1
194 240 11
192 224 0
262 272 14
25 100 9
73 274 11
76 222 6
221 261 12
122 254 4
267 271 2
71 72 0
210 221 4
38 170 10
63 174 4
46 126 15
93 219 3
66 218 1
117 157 4
76 149 1
204 258 2
176 177 11
21 41 13
261 274 5
196 221 4
134 180 5
156 213 15
104 139 0
38 237 15
23 98 12
185 186 0
96 192 2
202 265 10
27 72 3
108 202 2
239 273 0
5 106 13
86 105 11
171 173 15
211 228 10
30 76 9
144 227 2
176 251 1
112 207 4
43 250 9
216 259 15
208 245 2
239 263 7
224 250 4
112 153 5
226 270 5
240 273 2
139 256 4
268 271 0
238 271 8
249 265 12
110 226 10
158 197 13
128 202 5
1 223 5
165 209 8
148 263 6
187 221 4
57 166 8
229 271 1
118 134 14
37 92 0
173 213 3
246 253 9
239 266 10
59 181 10
65 250 4
134 213 1
253 268 13
48 261 10
249 262 7
251 257 11
131 221 5
246 255 8
136 246 7
76 99 11
233 268 2
52 248 0
27 99 13
176 241 12
3 73 13
220 232 11
178 202 15
169 212 9
137 247 3
131 168 2
142 191 14
29 218 9
253 259 2
135 265 4
232 260 1
40 202 7
81 123 9
183 255 9
55 213 11
157 268 4
88 191 10
120 156 11
156 269 13
21 105 14
147 148 0
1 44 14
137 195 4
187 239 0
239 254 6
237 241 1
77 152 4
129 254 7
101 120 13
72 78 11
104 151 4
218 224 1
42 158 2
193 236 1
39 204 9
167 251 9
102 234 4
258 262 7
2 106 8
139 215 10
195 199 10
108 153 10
126 248 7
39 78 9
258 263 5
56 77 14
57 111 11
177 261 14
209 271 8
260 269 14
249 273 12
266 268 4
35 163 2
11 30 14
85 206 13
108 238 11
20 170 13
194 241 13
181 265 2
198 257 13
2 132 12
64 177 0
8 180 10
80 234 0
36 153 4
172 242 3
167 215 13
207 216 7
188 204 1
91 164 5
190 199 10
132 257 12
93 108 4
167 203 10
219 261 12
26 136 14
72 138 15
127 216 9
249 272 13
53 220 4
128 147 6
91 172 5
246 248 1
172 243 0
13 112 9
43 194 2
106 267 15
169 232 7
25 261 3
146 263 14
71 171 13
4 58 2
1 122 5
31 222 15
176 272 3
240 248 9
110 153 3
106 161 4
86 152 15
197 248 6
84 218 1
72 231 9
45 266 13
43 204 3
269 270 13
147 245 1
19 227 7
252 264 5
88 145 6
92 97 12
45 193 8
86 127 10
248 267 1
100 224 4
33 194 9
243 256 15
104 240 7
183 225 3
217 225 7
67 200 2
175 205 13
113 152 1
237 261 5
270 273 6
5 200 12
20 56 3
219 223 9
92 148 0
56 195 0
109 236 5
31 87 6
37 205 13
252 261 3
221 229 3
62 233 2
154 254 4
50 77 12
58 169 2
89 175 6
92 128 8
66 139 6
25 124 1
152 201 12
99 257 13
100 212 13
53 177 14
41 44 2
222 258 12
48 99 7
122 246 8
119 144 2
135 204 11
91 111 8
22 27 5
121 236 10
4 240 0
160 203 12
167 185 1
200 233 9
177 245 11
112 167 9
224 241 13
15 190 12
232 264 5
175 227 1
169 180 9
219 242 13
164 223 3
151 206 5
76 148 14
60 220 5
138 142 10
193 212 1
67 213 2
116 187 12
245 257 15
70 79 10
161 246 12
62 157 8
207 224 2
189 244 0
210 261 12
138 191 14
214 221 15
190 270 6
218 255 3
210 242 10
142 246 10
144 170 4
225 232 11
178 237 10
14 28 6
197 259 5
32 148 0
91 192 15
262 267 4
141 179 9
176 253 7
43 134 9
212 237 1
260 261 11
230 253 0
245 270 3
233 267 1
4 84 15
24 272 6
61 191 9
195 246 2
95 155 12
162 229 13
196 208 12
138 200 14
5 73 6
90 251 0
68 137 11
76 214 3
209 245 14
249 271 11
149 229 11
139 264 3
181 222 9
216 237 5
104 111 4
87 265 15
110 251 10
157 165 9
125 256 10
177 238 13
49 249 14
143 193 1
38 144 2
105 199 12
250 255 1
64 199 12
246 251 11
98 171 1
48 180 0
160 226 1
51 123 1
50 147 1
234 256 5
270 271 2
218 266 3
115 155 2
146 200 0
33 177 4
158 170 14
74 176 5
154 221 2
212 254 6
90 201 7
222 227 15
65 216 4
249 270 5
110 214 11
47 51 11
162 172 12
125 186 3
160 254 10
26 169 9
87 190 7
159 168 9
137 259 2
236 258 3
133 144 5
139 188 0
229 270 8
149 154 10
239 246 5
47 206 12
248 266 4
83 264 0
9 150 4
127 242 6
12 49 2
68 238 14
142 175 9
225 264 14
108 258 6
84 210 7
85 183 5
165 264 2
93 255 10
10 91 10
34 196 4
128 171 0
249 266 11
118 198 5
119 216 12
245 269 7
34 139 15
178 225 7
70 148 10
159 248 7
192 244 12
94 109 10
229 260 5
42 216 1
127 192 7
23 258 8
133 180 15
256 258 0
41 209 1
145 221 10
227 240 15
187 197 6
257 263 0
99 175 3
122 173 5
4 70 7
108 219 3
33 265 0
89 213 13
271 272 5
202 207 8
206 250 2
40 87 15
263 267 3
79 263 10
128 144 0
72 110 4
102 168 13
244 256 11
39 138 10
174 232 4
253 255 11
19 49 10
146 171 10
13 91 2
9 80 13
34 203 15
115 243 12
57 185 11
43 248 2
205 221 10
94 168 7
146 270 13
155 228 7
189 253 0
209 214 3
41 106 15
127 236 2
117 218 5
97 142 0
60 228 12
72 196 10
14 266 7
62 197 14
150 197 7
236 242 15
53 202 0
30 187 13
206 265 4
154 159 1
35 178 9
112 189 3
18 124 6
157 201 7
10 199 0
21 196 14
134 254 0
182 250 10
30 79 11
1 59 7
115 121 12
217 235 13
9 118 11
215 270 15
195 248 13
153 227 13
234 245 5
234 248 4
33 107 15
243 267 8
95 273 12
246 258 6
76 176 1
111 271 14
108 159 2
68 176 12
17 269 15
220 251 15
81 193 11
138 184 7
117 143 4
165 263 0
46 102 5
206 214 3
137 157 8
68 204 11
127 258 5
234 254 13
250 262 5
238 265 13
148 259 6
87 195 0
30 129 0
20 247 11
30 72 1
99 122 3
124 162 8
14 250 15
235 268 6
39 145 13
55 154 2
205 244 2
152 223 12
15 151 8
241 258 1
82 159 11
122 262 11
213 238 11
207 232 4
107 146 4
97 240 11
72 228 12
39 197 3
114 237 3
157 218 5
162 244 12
80 206 0
145 227 10
165 259 15
87 164 3
42 112 4
254 270 2
198 229 3
78 84 1
103 273 4
78 222 14
190 208 3
16 92 0
155 196 6
114 215 2
154 235 10
188 219 3
28 169 11
57 62 2
156 189 0
209 229 5
120 223 14
121 188 7
195 260 10
239 270 3
259 273 13
97 143 12
167 173 4
102 157 12
178 186 9
188 197 15
114 187 1
190 244 15
148 162 1
259 263 10
35 186 1
43 173 7
6 209 14
242 269 13
76 187 15
31 76 4
145 244 6
136 201 0
251 262 1
85 257 9
154 156 15
141 155 4
2 224 7
59 242 5
42 141 15
24 185 4
89 246 4
82 133 13
147 273 15
159 228 7
82 182 10
114 197 1
135 143 10
232 266 9
42 50 3
97 259 15
189 216 0
159 245 11
250 266 14
109 128 3
217 231 1
33 273 15
66 249 6
38 189 12
213 223 5
102 199 0
248 262 15
84 92 11
148 230 5
39 209 7
90 168 15
201 208 0
228 258 0
11 14 5
212 258 6
21 113 7
39 216 15
209 258 6
18 240 14
19 247 12
116 149 13
226 262 8
137 221 13
47 212 12
1 60 2
199 213 15
46 223 15
262 266 10
155 207 0
217 224 3
53 78 10
141 171 14
124 274 5
11 217 14
128 271 2
259 262 2
75 174 9
255 265 15
153 209 12
73 139 12
135 237 0
26 206 3
99 261 0
101 221 11
165 175 8
142 181 11
129 152 10
25 207 11
10 80 0
5 143 3
189 262 6
139 185 2
107 240 3
210 262 1
46 150 4
102 187 15
77 256 1
184 248 9
75 125 5
218 261 12
124 204 8
122 266 3
187 255 12
34 226 13
198 245 14
167 169 7
134 249 4
27 218 5
148 192 11
196 207 0
106 120 11
179 199 8
185 248 7
155 263 2
49 163 6
149 207 15
221 271 11
186 222 4
8 48 13
251 261 1
161 271 15
145 157 13
39 225 13
70 165 13
36 147 8
130 237 9
167 216 2
230 252 3
244 257 13
112 195 13
49 240 14
60 130 9
134 208 15
252 263 0
79 227 12
174 175 7
67 70 6
4 162 12
57 244 2
251 254 11
123 196 7
128 134 0
19 194 5
145 173 10
164 247 9
183 233 10
61 119 0
56 122 2
131 190 9
48 49 6
79 93 2
247 250 7
18 152 13
145 197 11
52 250 10
178 229 4
61 99 10
24 88 12
170 250 14
162 238 15
203 231 3
142 204 8
199 245 9
6 28 8
257 272 11
106 240 6
160 163 13
125 234 10
161 174 3
49 212 12
202 261 4
104 239 7
186 209 15
182 237 7
143 177 10
132 186 12
120 124 5
10 49 1
204 225 10
238 248 4
248 274 14
42 151 15
20 252 1
67 140 1
99 180 6
36 231 0
156 274 8
181 240 10
101 222 8
163 223 5
128 163 13
174 191 13
103 105 10
122 240 9
135 229 0
60 153 3
55 158 14
156 224 3
170 236 6
177 214 11
9 19 9
92 235 9
116 142 10
208 232 12
173 233 3
140 170 6
126 159 12
243 266 1
13 38 2
163 249 11
33 132 5
198 227 1
46 217 12
191 227 1
45 263 12
232 239 5
238 259 4
61 209 6
39 234 12
225 244 8
250 258 11
189 259 10
109 265 1
9 83 7
104 185 1
194 271 6
7 130 13
260 266 4
56 258 15
37 72 9
59 125 14
183 189 0
151 202 14
8 28 0
219 265 1
40 244 11
231 265 5
170 196 10
96 245 9
11 67 0
58 115 7
49 268 6
152 263 6
66 206 9
212 242 2
130 139 6
41 75 13
31 200 11
144 177 0
138 168 10
24 51 12
218 221 2
99 146 12
62 227 8
15 60 10
217 267 3
192 256 9
20 148 14
92 190 5
174 260 8
126 261 15
168 223 7
28 86 0
225 231 2
160 233 15
71 127 0
260 262 9
105 215 5
118 272 2
157 204 8
213 269 12
138 170 1
20 262 13
215 243 13
241 271 13
135 234 0
249 269 10
123 210 0
244 262 9
195 198 1
7 31 0
108 189 6
109 218 4
183 209 9
162 170 13
243 248 9
58 78 9
14 235 8
78 168 14
3 50 10
161 176 11
151 226 1
52 104 10
134 246 2
142 192 6
223 255 10
207 246 0
206 247 3
130 133 11
131 238 4
219 224 1
121 122 15
201 205 4
229 247 15
264 272 11
171 185 4
233 272 12
23 48 6
12 226 12
28 223 15
38 138 8
85 160 1
43 242 8
119 141 10
155 247 3
204 224 11
113 229 14
35 114 4
19 165 15
197 249 5
208 266 3
45 255 13
90 237 5
92 223 6
7 17 14
169 229 1
78 227 12
133 219 2
146 169 15
234 264 6
190 204 14
114 211 1
225 248 7
16 272 15
1 106 0
184 220 0
36 48 5
216 242 8
39 104 0
190 243 14
59 60 13
208 262 4
138 152 6
189 257 11
228 260 6
131 227 5
167 170 13
26 126 10
213 220 10
6 54 9
182 194 13
55 164 1
222 260 14
82 94 10
59 119 14
71 93 9
252 253 6
210 243 8
117 146 12
33 218 6
223 269 14
249 256 14
151 193 3
176 186 12
70 112 12
45 208 11
50 94 8
235 267 7
236 260 4
145 174 3
232 241 15
116 121 1
111 207 11
259 271 12
231 241 8
69 89 15
184 187 0
242 261 8
28 263 8
142 253 7
240 254 12
168 203 0
59 252 0
179 219 6
193 238 6
210 246 6
114 233 0
264 267 9
183 212 11
222 257 11
150 229 9
79 262 12
64 262 7
222 253 4
177 228 7
206 241 3
19 33 6
142 210 10
173 178 11
211 230 7
235 264 15
124 224 4
158 207 10
134 191 12
103 109 3
107 267 5
34 191 10
58 143 1
234 265 9
257 274 7
34 146 3
82 116 2
202 212 0
163 218 12
100 117 4
172 265 6
3 67 8
137 241 7
44 239 3
85 214 5
118 121 12
197 213 8
240 256 3
13 231 2
193 259 2
149 248 11
160 191 11
213 218 7
94 155 7
194 213 10
125 167 4
30 213 0
1 70 1
181 239 2
207 250 2
154 216 0
9 90 14
100 237 13
9 42 5
141 152 8
146 176 15
55 97 5
122 144 2
111 221 6
139 239 0
115 149 4
196 219 9
64 230 10
179 202 14
203 261 1
80 198 9
84 112 2
38 57 3
7 22 12
220 254 2
184 264 1
39 191 9
227 241 9
178 269 5
14 226 4
108 243 11
160 231 13
144 178 14
20 167 10
238 270 15
183 220 4
185 233 10
158 224 7
72 118 13
156 187 14
26 258 5
87 139 8
226 260 14
241 250 15
164 195 4
133 186 12
60 268 14
98 240 7
185 232 11
157 173 1
231 257 12
42 138 13
189 247 7
18 113 0
10 136 3
6 100 1
115 258 3
145 151 9
36 80 2
187 263 0
235 273 10
84 270 15
6 123 7
4 43 7
230 272 10
116 221 11
33 118 1
8 71 9
24 222 7
143 274 3
108 192 10
98 106 14
234 255 10
194 199 8
68 260 5
234 266 8
3 68 15
98 102 5
268 272 13
4 85 0
131 253 12
11 138 10
59 188 0
240 241 14
13 54 4
81 95 2
12 258 5
180 254 2
101 210 5
38 269 3
220 258 13
191 216 12
152 170 4
232 263 3
179 260 5
119 194 15
128 180 3
110 132 11
140 172 9
243 245 0
169 242 2
74 119 0
21 202 9
24 248 3
46 83 8
87 157 10
191 228 2
193 241 8
139 205 1
180 242 0
35 40 2
3 154 6
126 214 13
122 132 14
132 165 6
106 225 4
215 223 15
140 269 6
218 269 0
162 188 5
183 241 14
10 229 11
142 257 3
143 161 13
55 241 2
156 242 9
68 179 11
147 221 8
198 228 13
141 163 12
137 273 11
226 273 1
143 252 12
63 152 9
53 272 9
151 192 13
28 129 7
37 146 3
127 147 0
179 212 0
248 270 0
125 221 13
137 216 2
1 145 5
114 207 6
11 253 7
126 221 4
95 99 15
105 151 8
17 24 1
51 97 13
255 262 7
224 238 12
268 270 0
24 165 1
190 192 8
174 209 0
226 239 6
99 163 0
8 158 3
167 256 15
97 215 1
206 224 6
203 268 15
115 154 2
248 256 0
140 169 14
109 204 5
219 240 1
18 222 11
222 267 15
71 73 5
32 103 6
33 266 15
61 172 10
89 95 0
26 83 6
77 86 7
155 192 14
15 256 8
4 272 5
33 111 14
129 200 13
33 115 2
41 251 11
252 270 13
176 218 8
262 269 14
65 171 9
116 200 6
190 216 5
213 224 12
147 246 5
97 134 6
206 243 6
46 226 9
13 174 5
2 160 1
70 82 0
86 200 15
13 45 11
189 225 11
68 146 4
153 164 2
211 221 1
29 177 3
216 243 13
157 159 9
238 260 15
43 101 7
255 268 14
104 266 3
166 196 12
203 263 12
241 265 4
119 125 2
84 146 9
61 89 4
67 173 8
123 233 8
29 45 7
14 158 11
253 270 5
186 260 2
182 260 6
4 227 9
91 202 4
69 155 13
50 162 14
216 254 1
51 189 6
230 254 9
29 108 8
186 274 2
20 158 1
128 265 14
191 207 7
199 219 9
117 200 6
154 184 0
231 240 7
210 224 13
113 172 13
220 253 15
26 146 0
50 215 11
178 238 8
231 243 12
123 133 6
215 220 12
225 226 0
66 165 10
143 217 15
179 194 2
45 260 11
2 271 3
146 235 4
67 212 1
242 272 10
241 253 2
238 257 3
31 181 2
205 220 12
191 237 5
203 218 15
42 218 14
194 245 15
31 122 12
63 196 8
132 261 11
109 260 14
239 240 6
54 144 12
23 205 8
2 254 4
191 232 15
193 242 0
168 257 15
65 260 9
70 238 12
65 132 11
234 270 6
21 181 3
115 234 15
140 248 12
214 266 2
12 134 11
67 254 5
108 124 4
220 237 11
94 131 12
196 245 6
86 159 2
177 263 9
143 237 3
91 143 5
77 166 14
15 229 6
136 149 10
95 171 9
66 263 4
27 91 1
139 201 10
160 271 1
183 214 1
181 272 13
99 236 10
185 206 5
40 245 13
264 265 13
149 256 8
96 141 4
106 203 8
126 258 5
196 258 10
38 119 10
196 233 14
100 172 9
135 210 15
159 183 12
249 258 8
208 271 9
120 142 8
141 249 5
256 271 12
35 59 11
140 268 9
243 249 4
30 95 12
42 53 0
45 240 7
53 61 13
236 248 13
191 239 7
254 260 0
170 224 1
109 135 11
79 146 0
182 223 9
96 212 7
149 157 14
154 227 13
34 241 11
254 264 1
46 255 1
159 235 9
68 95 4
154 223 1
171 209 3
60 75 9
117 223 8
207 245 0
159 243 10
116 252 12
24 163 2
84 118 0
259 270 1
115 192 10
60 143 15
28 116 5
219 233 1
148 213 9
132 246 15
104 194 8
199 263 11
88 237 14
119 225 2
260 263 4
37 203 6
49 197 1
122 223 4
94 144 14
121 273 3
249 251 8
75 139 13
106 219 12
195 259 2
240 258 7
47 99 3
203 241 9
221 266 2
88 206 3
126 148 0
213 265 4
6 19 11
228 240 3
157 187 9
125 257 0
178 228 13
134 170 8
148 238 8
208 231 6
2 118 10
188 236 14
199 200 8
25 256 9
113 143 11
182 263 4
184 199 8
16 242 1
179 230 3
145 212 8
210 222 0
164 171 3
267 269 1
34 176 13
132 208 8
109 215 13
202 225 3
146 161 14
187 223 14
231 271 11
62 70 15
270 272 14
64 265 1
116 216 6
181 254 10
100 157 12
7 104 1
113 178 7
38 198 1
175 231 3
154 180 3
252 257 5
128 199 2
239 243 9
123 155 8
243 252 7
15 135 15
162 239 8
207 259 9
28 74 14
23 238 7
229 251 1
172 260 10
132 201 4
66 200 7
24 190 13
225 239 9
120 247 8
214 258 15
52 141 4
247 271 11
91 191 13
72 240 1
85 263 14
85 88 2
160 273 1
112 221 9
118 170 0
47 246 15
236 263 14
54 80 3
79 192 11
160 219 0
69 87 5
241 273 2
105 271 2
208 244 2
10 53 15
21 131 5
136 258 0
43 66 5
211 231 13
137 166 11
124 215 14
160 211 7
42 165 15
184 208 11
29 159 0
65 146 15
146 272 10
10 230 10
116 117 15
100 215 12
178 262 2
34 181 15
201 232 8
58 190 14
37 182 2
142 154 0
123 256 15
232 269 14
162 273 9
203 212 11
207 252 5
152 187 4
10 122 6
76 120 10
97 228 7
113 138 8
1 205 10
272 274 4
197 272 2
30 202 4
82 209 14
185 240 5
158 187 14
89 154 5
199 238 13
135 214 9
45 241 12
130 223 2
175 220 13
265 267 8
67 204 3
211 258 8
101 191 2
25 134 14
103 107 12
107 222 8
76 137 3
63 256 12
53 237 15
102 117 3
188 220 10
170 238 0
105 115 15
98 118 7
245 266 12
265 270 3
53 240 12
46 221 5
90 118 4
145 205 3
87 88 1
144 159 2
226 248 4
117 272 15
191 220 0
98 191 0
12 80 4
96 136 3
69 237 5
199 248 7
122 197 12
244 266 12
38 209 1
9 137 10
142 234 9
47 116 1
140 171 3
173 236 5
194 266 14
223 224 7
177 196 11
201 272 5
33 97 9
117 214 6
60 258 10
26 197 1
160 180 15
7 190 3
257 261 8
21 242 6
164 245 12
123 263 14
192 237 0
59 259 3
228 237 2
172 178 8
159 169 10
66 228 14
95 163 2
4 265 15
75 185 9
120 189 13
69 104 11
90 190 7
94 163 15
114 130 11
189 235 4
125 129 7
73 123 8
81 154 6
125 178 0
58 65 14
172 263 5
194 261 12
263 270 15
260 270 5
224 244 3
50 206 5
177 216 0
208 256 8
20 241 8
191 248 7
250 273 9
195 271 11
116 254 6
148 174 5
64 162 1
5 172 6
250 274 2
174 257 12
70 226 9
170 273 7
103 218 13
208 274 11
156 184 9
202 228 1
49 226 11
101 266 11
31 257 6
225 259 8
241 255 11
180 183 11
156 206 8
102 134 12
231 253 6
174 189 15
199 223 3
17 62 5
231 254 15
168 180 5
174 262 0
132 191 7
60 160 11
254 273 13
168 250 1
72 238 10
22 240 14
131 251 3
26 257 3
226 263 15
129 174 10
218 241 10
160 210 12
123 144 3
183 252 7
74 209 4
179 181 13
105 182 4
234 250 9
202 256 10
24 270 5
88 176 1
15 164 6
129 187 9
127 171 7
68 211 5
214 253 4
83 108 7
174 187 4
254 266 8
34 223 2
197 254 7
258 271 9
135 242 0
27 270 2
88 170 11
28 156 8
114 243 3
210 231 4
15 148 6
90 249 15
21 247 1
71 236 1
218 244 15
22 216 11
115 239 12
16 256 0
180 240 2
14 180 13
99 241 5
56 215 11
130 185 7
94 246 7
128 164 0
115 129 15
85 152 2
15 169 1
177 239 9
231 238 0
135 259 0
129 230 9
110 213 7
248 260 6
216 220 5
109 177 0
234 259 12
162 272 5
54 221 5
58 216 6
222 272 1
222 252 0
237 248 15
31 118 15
167 258 14
168 220 5
181 196 7
92 243 8
31 128 1
17 23 10
119 193 1
72 253 3
220 231 5
104 122 3
259 265 15
229 259 13
184 273 10
95 268 0
212 235 10
152 238 12
185 216 12
113 193 5
131 220 6
198 253 6
207 209 4
161 250 3
11 86 6
66 188 3
25 181 15
7 105 9
146 219 11
243 263 6
139 268 10
34 225 10
167 213 6
202 221 9
157 256 0
47 238 12
62 84 3
14 82 6
154 244 7
93 226 10
213 248 7
28 171 11
35 247 15
22 148 0
21 102 12
252 271 13
28 122 13
110 129 3
29 39 12
110 197 15
70 243 8
246 274 2
119 247 3
179 233 8
36 115 10
153 256 4
147 201 7
228 250 3
191 259 5
168 260 7
34 39 13
244 264 12
33 154 11
216 256 0
19 36 9
239 259 2
148 249 12
27 220 10
76 175 9
95 157 4
58 254 6
82 129 9
63 136 10
35 222 0
251 253 9
59 65 11
122 252 6
162 235 2
238 267 9
148 266 6
216 241 15
38 182 4
126 260 0
244 258 14
125 215 8
168 191 5
100 120 1
230 245 9
206 245 2
8 247 1
187 261 13
201 260 13
144 254 10
46 51 12
182 232 15
202 241 13
64 143 2
185 197 8
140 216 15
130 233 12
131 257 12
253 262 5
240 243 14
251 271 12
146 245 5
254 262 12
212 227 3
249 254 11
98 258 10
102 169 10
104 106 1
206 211 13
117 207 1
213 241 11
63 215 13
192 210 1
36 265 11
140 206 4
194 243 11
72 141 15
168 255 5
241 269 7
217 268 1
165 181 1
44 186 1
237 238 4
221 234 13
56 169 7
164 241 9
170 208 10
208 214 10
160 262 9
232 251 8
171 273 15
156 201 6
243 270 6
106 179 5
194 216 3
87 203 3
118 233 15
105 110 9
160 243 6
7 74 12
1 75 14
180 189 12
193 245 15
92 241 6
132 134 11
124 150 6
89 219 1
115 136 6
136 144 12
163 166 10
233 239 2
73 250 6
183 207 5
195 262 12
58 229 5
57 75 4
34 172 0
76 85 7
121 135 15
109 206 5
174 245 1
261 262 13
23 70 1
246 252 12
186 218 2
253 266 12
252 267 1
13 99 3
131 186 5
244 273 11
49 136 1
149 193 10
222 225 5
4 147 2
60 201 6
13 274 13
177 211 0
177 192 5
246 271 14
135 255 0
185 207 12
71 247 8
182 265 12
56 193 5
158 191 11
179 189 2
189 195 3
45 176 12
223 237 2
246 265 0
78 127 5
69 212 1
244 259 13
5 175 14
104 181 7
19 255 0
69 123 14
121 196 6
105 120 6
27 164 2
153 177 11
145 224 7
40 219 1
2 111 12
247 261 6
156 262 10
5 40 3
103 111 5
9 116 15
187 224 4
223 274 10
27 122 12
10 109 2
252 262 7
196 224 12
195 238 13
179 186 5
24 168 8
172 204 0
180 221 10
73 235 13
76 102 14
110 115 10
57 104 2
153 248 9
19 113 7
136 205 6
235 256 5
95 256 2
52 195 0
6 241 9
137 244 3
226 274 2
180 219 7
259 260 7
11 66 2
254 269 7
49 111 8
59 160 8
148 153 2
1 179 4
95 213 1
56 127 13
230 273 4
19 193 5
218 242 15
202 239 2
149 225 6
84 121 11
181 237 2
145 175 8
101 159 3
126 171 9
124 254 2
255 258 12
92 160 7
202 210 14
243 259 1
115 124 12
254 261 4
198 266 12
213 260 13
134 204 12
204 228 14
153 211 9
76 183 15
164 234 5
230 269 6
188 216 1
206 237 9
114 127 5
141 253 10
190 215 14
163 207 11
3 256 7
131 158 12
96 264 2
119 257 7
47 146 2
26 265 3
53 152 7
58 203 11
103 212 11
168 228 4
83 199 13
145 196 15
166 264 12
144 271 3
59 186 11
5 178 2
98 234 0
253 269 14
266 270 2
233 248 9
190 193 9
142 226 8
74 234 0
57 61 14
42 240 13
73 117 0
104 128 12
186 248 0
174 222 10
81 130 10
188 247 11
182 188 8
96 153 1
260 272 1
117 202 12
189 212 6
36 177 8
79 180 1
16 146 10
82 194 15
233 258 3
61 150 14
83 269 9
200 234 14
181 248 14
163 238 14
205 228 5
14 227 5
202 274 5
44 230 1
55 226 14
201 261 3
141 259 13
36 182 11
79 127 6
217 250 0
259 269 10
202 235 6
196 234 6
85 247 4
226 232 3
97 267 1
253 258 14
156 249 12
9 161 12
51 231 14
84 216 7
51 160 9
99 141 6
13 249 3
181 253 11
97 107 2
223 241 15
256 274 10
108 113 8
145 184 10
26 160 2
205 211 9
138 186 2
251 265 3
20 161 2
61 96 13
182 272 1
220 252 8
131 243 2
178 239 13
154 183 8
239 272 3
62 135 10
112 262 4
203 216 10
129 163 13
107 193 3
38 66 2
158 179 8
45 75 7
112 269 10
48 199 3
151 185 10
178 233 1
154 265 4
25 103 5
143 243 10
39 194 15
10 71 13
74 259 13
44 171 4
205 239 5
222 271 2
33 82 4
205 265 15
161 205 0
106 200 11
149 192 6
216 272 4
43 90 12
243 255 6
22 156 11
102 150 2
195 256 8
175 183 3
151 152 10
84 124 7
176 234 10
75 163 8
61 204 7
24 99 5
61 177 0
90 150 11
113 241 0
63 101 12
229 246 10
117 259 5
127 194 12
227 270 5
213 219 11
87 114 5
159 251 4
251 258 13
129 170 9
227 250 7
199 250 2
73 188 14
250 256 7
189 242 12
147 242 1
133 167 12
189 230 14
177 249 5
126 200 1
22 94 10
77 175 4
207 244 8
29 166 4
7 62 2
154 163 10
62 107 15
136 214 9
256 266 2
132 213 15
88 250 14
235 259 0
98 160 6
116 222 14
85 156 3
85 144 4
110 122 7
257 265 15
152 207 6
204 235 4
211 247 11
151 220 9
92 171 1
224 233 2
22 234 13
110 242 14
205 226 0
106 251 4
155 273 5
94 178 11
125 271 6
4 270 14
34 109 4
93 151 4
34 126 9
43 105 5
262 274 4
60 157 0
203 235 6
201 220 4
183 249 2
90 175 1
44 50 15
110 199 11
11 35 11
128 129 8
124 159 14
84 113 11
106 162 12
30 153 6
143 215 6
194 244 3
98 170 1
158 201 4
83 272 4
219 264 7
133 230 13
131 267 11
55 203 0
44 139 5
247 272 1
113 250 15
137 154 7
34 242 3
113 125 2
57 266 1
186 221 3
254 265 8
129 177 11
193 253 4
237 263 15
130 204 2
183 267 9
187 189 3
145 183 1
120 214 13
66 175 13
203 259 13
70 74 2
68 227 6
167 183 14
59 216 15
49 158 13
6 195 13
6 92 4
232 246 4
215 268 10
141 149 14
113 195 4
197 216 10
213 270 0
36 223 0
250 259 1
189 252 7
127 206 3
55 151 9
1 11 13
187 205 8
99 101 5
238 247 2
50 121 7
176 209 12
64 216 14
172 259 12
140 254 9
250 253 14
75 104 3
127 129 10
116 271 10
21 43 14
173 226 10
190 241 1
57 114 11
54 63 1
70 191 13
207 213 9
34 124 12
154 202 8
25 270 14
114 246 11
16 184 13
220 242 11
129 226 4
34 99 11
37 145 1
58 207 14
85 185 12
67 172 10
100 240 6
16 254 9
74 191 14
14 92 13
123 230 10
238 250 11
198 199 2
104 274 1
213 274 6
34 127 13
249 259 6
89 257 15
81 206 14
84 212 14
16 194 11
215 236 10
103 184 9
52 182 13
38 164 3
127 186 14
64 180 1
115 216 6
218 238 1
233 251 7
200 262 7
166 190 13
37 201 3
54 166 15
21 143 14
28 241 15
169 267 6
155 188 7
53 183 14
249 274 14
157 174 13
48 159 13
162 261 9
45 134 0
148 208 4
52 177 12
217 247 4
140 162 13
116 179 6
217 254 2
81 223 10
207 262 9
235 269 14
234 241 5
132 211 10
181 234 2
206 240 15
189 194 7
252 260 9
60 94 2
22 58 14
122 162 4
68 126 10
259 266 4
141 265 0
41 88 12
160 175 13
74 123 8
164 193 7
169 258 10
246 262 11
161 181 10
230 231 1
69 176 6
241 266 1
224 239 13
19 178 5
80 140 11
107 184 7
21 49 9
225 242 0
108 193 2
236 245 9
160 274 2
212 241 11
233 236 0
83 190 4
187 209 12
11 53 9
170 174 1
70 104 10
66 184 14
60 100 4
174 208 8
15 134 13
38 149 13
24 258 11
250 269 9
26 202 15
50 189 10
76 165 1
68 173 8
212 239 1
228 271 7
179 271 11
55 143 5
211 244 2
42 179 9
7 29 14
206 256 2
34 133 15
176 178 12
234 271 7
106 238 6
193 204 6
15 62 10
128 168 13
235 274 10
111 177 2
199 229 11
230 257 12
46 162 4
98 205 12
14 109 11
7 52 14
254 257 5
247 265 13
247 273 5
37 219 8
226 233 2
181 274 5
130 186 13
4 66 7
93 225 2
256 262 9
12 148 4
135 261 3
174 224 5
244 245 8
154 179 0
46 77 1
165 195 4
175 267 8
114 216 0
50 112 7
80 142 12
2 249 9
60 136 7
140 144 2
239 258 9
168 252 11
155 169 7
10 74 7
267 268 12
208 236 1
54 149 5
27 119 13
70 224 6
214 237 15
251 269 0
78 140 6
29 47 5
40 76 11
138 180 1
235 247 14
150 212 4
198 216 5
163 274 0
97 211 5
220 274 13
144 149 3
127 184 4
250 251 5
144 213 14
141 228 1
131 198 5
6 207 1
60 242 15
90 119 4
94 220 4
134 267 5
245 272 12
24 32 9
261 264 13
232 237 13
81 161 9
238 272 11
219 244 13
269 271 12
120 128 1
231 250 3
66 90 14
213 240 3
173 177 0
87 236 9
198 236 8
60 155 14
151 257 13
41 214 7
253 256 11
186 272 7
203 238 11
99 120 11
238 263 4
200 263 15
52 131 4
241 246 10
42 247 2
154 173 13
40 227 7
231 248 0
144 250 1
184 260 12
122 269 11
77 228 4
40 43 5
40 112 2
211 263 7
86 180 13
72 180 7
94 262 11
69 160 15
25 245 12
241 274 5
52 84 9
58 95 13
111 127 7
195 270 15
79 105 3
232 243 0
96 131 13
39 142 7
251 263 1
167 267 0
74 196 2
145 253 11
261 271 15
124 217 7
15 109 11
127 151 11
190 200 0
40 195 8
107 198 11
265 273 4
22 40 9
256 272 6
12 195 12
22 53 7
167 191 7
74 264 8
208 273 9
135 149 9
37 77 15
113 205 14
6 67 2
261 266 6
261 272 14
39 128 3
114 162 0
191 234 7
8 189 13
134 135 11
119 140 9
134 238 1
119 154 6
235 251 14
209 253 10
243 268 6
76 174 7
20 23 3
92 197 3
124 193 4
42 186 10
116 223 2
2 205 3
98 121 12
87 111 7
179 256 8
145 180 6
93 174 6
238 262 1
85 99 9
131 188 7
159 195 5
152 186 15
88 131 0
7 273 14
234 261 7
28 183 10
12 269 13
118 199 5
212 250 12
2 251 8
49 89 7
184 222 7
8 21 8
117 208 1
193 234 4
199 244 1
8 131 1
62 99 13
19 23 0
82 154 0
115 247 10
124 185 6
64 82 12
36 81 10
179 265 7
194 197 3
167 194 0
60 190 12
129 167 14
235 263 10
166 247 15
95 247 1
114 191 13
29 154 7
105 119 5
156 217 14
153 184 0
86 118 12
131 211 4
133 161 11
7 128 10
91 122 11
198 224 14
206 257 15
237 259 3
110 206 12
164 222 8
63 127 4
18 52 15
89 258 7
223 240 12
182 204 3
135 191 1
130 210 1
178 198 1
117 227 11
146 250 2
172 251 0
166 175 3
145 241 2
31 142 5
151 211 14
67 265 7
38 221 10
65 213 15
189 213 0
24 145 8
20 113 15
101 164 8
63 76 6
34 260 14
70 182 14
60 93 13
167 187 2
32 34 11
149 258 9
35 45 12
82 268 8
76 230 1
113 194 15
201 265 3
54 209 15
66 162 9
166 176 14
168 185 3
195 257 9
110 267 3
84 158 13
145 266 5
132 151 12
15 53 6
133 226 0
22 55 4
178 245 9
138 229 3
33 80 1
34 81 5
230 244 13
187 194 6
66 193 8
20 254 1
90 253 11
172 191 11
112 129 13
42 55 11
124 129 10
167 174 5
240 262 3
113 209 6
164 255 8
56 75 2
112 206 13
127 136 4
88 153 11
74 185 14
82 156 1
152 222 6
104 147 5
63 248 1
142 148 5
125 143 3
106 213 12
111 129 4
67 79 13
109 246 14
138 198 8
209 270 4
90 270 7
58 85 12
152 195 11
198 210 1
140 210 1
13 31 13
86 185 1
13 219 14
18 88 11
54 270 3
19 225 14
182 227 0
67 74 15
15 34 3
178 192 11
24 257 2
157 185 14
33 128 5
56 205 3
92 232 11
226 235 9
47 255 15
207 215 15
105 219 9
39 111 10
163 198 6
48 120 2
176 217 11
180 196 13
110 167 2
229 240 6
79 145 10
223 267 4
99 233 12
159 256 7
177 258 3
219 256 5
125 188 5
226 241 14
201 259 11
54 118 2
2 238 9
118 259 11
79 165 5
168 177 3
184 255 2
130 172 6
22 146 1
27 189 14
183 250 6
138 195 7
257 264 7
22 68 12
163 273 3
198 203 14
209 260 6
133 220 0
249 263 12
16 25 2
104 191 14
155 199 1
133 185 11
149 220 1
146 199 8
68 262 6
20 29 0
119 121 4
255 267 1
16 71 10
57 265 14
42 87 2
26 200 11
13 75 10
149 238 11
131 189 7
134 263 1
174 247 11
44 54 13
224 226 0
231 239 9
95 166 0
192 216 4
113 238 6
101 153 0
169 269 14
100 252 13
13 39 15
230 255 5
182 221 2
161 202 1
39 45 6
16 44 4
85 262 8
236 252 5
126 268 6
46 263 3
36 226 12
32 119 14
91 237 11
219 226 3
85 193 6
230 271 0
168 271 4
45 269 7
203 240 0
143 223 14
236 253 5
147 189 11
177 233 6
45 86 8
243 244 3
165 224 14
213 232 4
172 262 12
28 212 8
214 241 6
126 174 14
134 168 10
143 230 15
23 42 5
234 239 1
220 257 4
99 191 8
100 102 2
138 260 15
91 184 14
197 218 2
15 32 2
163 225 1
109 175 6
168 193 0
26 232 2
204 241 5
158 267 7
23 138 11
61 132 4
17 26 12
45 120 9
43 207 14
245 274 11
44 95 11
129 229 2
137 248 12
147 183 2
186 198 2
12 241 7
231 274 2
89 101 12
68 192 4
112 150 5
67 111 8
216 229 9
141 195 12
206 242 4
139 229 9
223 244 4
78 121 9
32 163 4
144 173 15
119 147 5
12 177 14
144 146 8
174 186 11
82 84 9
1 239 15
217 270 2
79 138 5
36 125 10
240 264 3
70 120 15
10 252 5
164 213 4
131 244 2
246 273 11
40 251 1
84 98 15
127 233 3
35 65 12
39 254 10
190 249 8
1 174 12
162 163 6
118 203 10
2 255 14
2 120 11
141 218 9
38 205 1
66 143 9
176 205 12
182 270 11
4 46 1
54 98 12
230 238 3
55 160 13
150 207 0
52 205 7
176 259 10
221 247 9
112 131 1
126 269 7
103 267 2
50 82 8
203 252 4
2 183 1
46 132 3
95 109 15
41 264 9
56 158 7
129 241 10
72 194 14
247 249 12
155 249 6
45 140 14
172 175 4
8 61 13
153 215 4
157 247 7
72 271 14
75 130 10
95 237 14
84 239 10
44 89 11
152 185 10
223 232 15
178 212 0
126 237 2
113 160 3
199 259 13
250 268 2
253 267 7
37 123 10
70 185 3
191 214 12
166 179 4
141 235 10
86 252 15
73 248 2
227 261 11
182 219 2
182 222 11
18 148 14
54 190 10
179 274 7
147 203 14
204 206 6
128 215 13
217 222 14
73 273 11
114 133 10
44 242 9
225 255 13
101 180 8
135 178 13
125 191 9
239 250 12
56 256 7
14 72 12
86 237 14
224 256 5
25 38 5
122 147 2
204 212 9
140 205 9
81 176 13
11 96 13
202 205 9
54 132 11
187 236 15
169 259 11
264 266 7
150 203 11
1 229 15
240 246 4
171 252 14
135 172 3
3 8 14
7 156 13
48 169 11
46 157 9
54 68 5
196 248 2
69 148 0
226 231 11
81 229 4
136 165 10
132 169 10
40 109 8
150 230 3
176 224 2
209 267 4
47 58 9
229 258 3
12 98 7
121 123 1
100 131 14
177 179 10
157 182 5
181 235 13
148 152 4
65 167 12
139 266 15
83 212 4
146 264 5
25 55 0
134 223 0
107 227 13
157 217 10
1 74 0
31 218 12
42 183 2
123 208 14
15 138 15
147 178 8
205 272 14
122 146 12
147 207 6
16 235 8
106 160 15
136 255 3
184 227 10
63 197 12
239 257 13
82 212 10
248 263 10
57 83 4
25 29 13
194 267 10
192 202 9
122 170 3
191 226 5
70 170 10
181 182 6
155 186 11
138 251 12
84 271 14
94 257 13
33 203 13
215 274 2
93 254 5
90 245 6
199 258 5
185 190 7
154 164 11
241 245 7
10 197 15
77 197 8
42 220 9
43 49 8
228 249 11
180 233 8
231 273 2
220 221 2
167 239 5
113 233 7
137 164 10
127 190 0
48 62 13
117 239 14
47 173 11
27 139 1
197 250 15
37 197 3
6 162 3
145 147 9
253 272 4
100 154 15
160 245 1
170 253 13
18 42 14
136 169 8
108 151 1
249 268 14
33 260 13
22 235 12
154 272 0
20 189 0
31 135 11
234 244 13
39 262 6
169 235 7
224 236 13
8 73 0
31 138 9
58 227 13
102 244 12
67 132 11
90 203 11
203 245 13
153 243 14
77 106 4
161 259 1
71 232 14
235 248 9
139 172 4
99 250 6
187 244 13
200 225 2
260 264 6
81 184 3
131 229 13
32 202 2
108 248 9
117 133 0
190 242 1
141 203 13
33 110 4
195 268 12
168 269 13
98 163 2
91 168 10
199 265 12
50 261 15
157 238 3
65 94 6
238 256 11
11 268 15
85 146 5
185 187 2
161 233 13
148 156 8
22 274 15
155 260 15
75 100 5
35 54 14
119 176 3
249 253 2
205 260 1
25 98 12
225 233 9
54 258 11
100 103 4
48 152 5
127 255 2
192 266 4
173 174 13
62 236 7
249 267 6
160 196 11
215 226 3
80 201 6
213 249 11
196 270 6
16 42 1
102 146 13
79 213 13
89 97 2
148 200 6
204 247 15
29 113 2
130 200 7
191 204 15
17 238 3
228 243 15
71 270 1
175 204 5
191 222 2
120 222 7
209 246 0
188 214 8
236 265 1
135 138 8
227 268 1
188 198 4
131 191 13
171 227 11
225 240 3
116 118 7
151 214 12
18 43 0
218 247 11
100 184 1
15 106 10
43 68 3
155 198 9
210 260 5
172 248 14
130 226 0
73 177 12
145 260 13
98 177 15
175 202 7
159 254 7
180 268 6
87 233 5
3 203 6
198 251 14
245 265 1
103 140 14
136 161 8
75 181 10
244 246 6
61 155 11
159 175 6
268 269 2
187 274 5
261 263 2
21 208 12
9 56 5
194 226 1
173 228 14
96 217 11
228 248 8
48 204 5
255 264 9
242 263 2
142 179 8
89 100 5
216 247 8
178 207 10
223 260 4
140 230 2
63 123 14
82 216 7
150 160 13
122 143 11
205 264 6
167 192 10
17 191 12
214 270 8
64 261 12
182 205 13
39 41 13
164 189 3
181 238 11
102 130 3
3 186 7
145 268 13
155 258 1
23 79 14
62 113 1
82 141 14
107 200 1
192 246 13
66 224 9
217 229 11
166 171 15
227 256 15
187 250 7
218 245 0
26 147 8
79 143 14
53 162 9
80 273 5
126 239 7
230 247 14
128 155 6
128 131 3
26 128 1
48 185 11
241 249 0
39 187 2
70 117 11
166 168 12
197 274 0
95 153 5
173 254 13
68 178 10
45 205 2
195 237 5
20 55 13
2 236 6
166 218 14
233 259 10
208 212 10
75 210 10
194 204 4
164 203 6
230 264 0
82 120 13
150 158 14
240 274 6
165 249 1
95 218 1
157 263 8
63 244 0
214 238 0
120 260 15
122 160 15
51 224 7
32 117 8
99 128 10
205 219 1
17 232 0
127 197 14
187 265 1
47 245 12
107 122 1
2 145 8
70 162 8
56 241 7
196 265 11
43 53 0
161 199 4
110 191 13
17 173 3
25 228 0
1 94 9
106 109 8
37 130 6
2 42 2
247 254 9
65 235 9
16 147 6
30 121 7
162 219 15
199 252 12
68 76 2
105 141 3
128 225 1
196 210 12
143 234 9
80 255 14
36 210 3
58 105 7
192 240 9
187 238 15
71 191 11
223 265 6
145 149 14
69 118 7
157 239 5
53 192 14
41 136 5
41 218 9
52 79 4
175 257 0
157 170 12
62 245 8
130 245 8
114 266 1
117 144 14
41 148 1
49 195 0
68 198 4
170 241 10
68 233 1
149 247 7
139 248 11
89 168 10
12 85 12
21 244 8
47 84 14
43 54 13
53 136 14
76 246 1
76 251 12
85 267 13
184 189 1
210 219 1
88 220 10
220 247 12
42 98 8
124 138 2
222 262 0
119 149 9
98 104 5
175 208 15
178 188 7
163 181 3
19 154 1
66 256 7
201 226 6
149 243 0
75 146 11
123 170 7
204 255 3
125 204 14
94 159 8
23 39 14
25 129 3
87 235 9
50 126 6
8 200 15
103 245 9
29 103 3
7 253 10
15 100 7
199 202 6
132 157 15
41 179 8
31 144 1
214 220 11
214 218 7
120 134 1
213 258 4
201 250 14
63 90 6
231 269 10
225 235 14
38 243 12
245 268 6
224 263 3
157 199 11
82 140 9
209 254 5
104 196 11
230 274 15
240 244 7
145 240 9
83 227 0
11 40 13
221 255 13
146 218 0
199 260 5
167 263 1
54 122 7
1 247 8
253 257 6
46 178 14
72 197 3
107 141 9
120 147 12
70 200 14
52 124 0
198 215 1
133 273 5
138 214 10
89 125 9
106 151 15
120 227 1
79 221 0
80 221 15
15 267 3
198 214 13
84 204 9
205 259 12
161 165 12
202 209 11
235 240 14
240 245 5
86 240 1
18 101 4
13 184 15
24 199 12
120 180 1
157 235 0
165 218 12
169 216 0
174 253 7
135 200 15
77 209 3
5 108 14
193 258 1
142 274 9
11 39 8
105 269 2
1 101 9
105 225 3
44 127 13
241 251 9
60 98 9
178 230 11
31 59 3
209 263 9
65 109 6
130 170 3
253 273 1
161 222 11
38 143 6
119 229 0
115 120 12
163 168 9
174 183 0
53 157 6
214 263 13
155 245 15
90 153 8
250 261 15
101 165 10
41 146 5
144 235 13
135 190 2
171 266 13
205 257 13
122 165 9
72 121 15
38 219 3
157 236 12
216 224 13
55 193 15
70 196 7
184 188 10
14 32 7
38 61 15
121 143 2
217 260 6
132 254 3
178 273 6
78 217 14
16 132 5
36 171 2
95 272 3
183 222 9
110 266 14
40 225 11
92 200 4
191 202 11
20 185 3
3 230 5
60 226 1
205 262 7
81 200 13
245 260 6
149 182 10
149 269 3
153 162 12
82 250 15
91 195 12
194 252 11
125 174 4
202 257 13
243 253 9
222 240 2
64 235 1
20 195 9
35 99 11
92 195 15
29 81 14
25 155 9
162 221 5
160 200 4
54 272 8
188 265 0
257 258 13
223 229 1
99 248 6
129 207 1
119 133 10
247 253 3
66 156 1
16 173 6
197 223 11
22 198 8
190 246 2
142 165 15
263 268 12
116 191 9
2 98 4
146 216 15
53 274 5
64 200 3
37 80 3
238 251 15
110 205 1
40 58 11
114 221 9
221 245 15
217 258 14
60 213 12
99 235 8
220 238 7
123 148 0
123 131 5
78 85 15
45 256 8
81 259 3
180 266 3
204 256 11
208 263 10
95 156 10
16 226 8
234 237 10
123 248 6
77 215 2
2 15 0
143 184 12
82 234 11
14 225 9
101 121 8
190 257 2
39 122 11
78 262 1
42 76 2
44 225 1
49 208 1
141 157 4
209 247 10
104 219 9
161 274 9
192 207 10
46 91 11
3 85 8
171 172 12
174 238 8
68 235 3
131 171 12
74 223 12
160 241 5
20 126 4
107 144 0
67 248 1
124 143 11
5 54 1
27 96 14
31 245 0
103 133 5
71 265 13
9 110 9
94 127 5
38 203 1
212 226 6
113 187 8
144 151 15
236 241 1
6 94 2
77 169 11
89 198 6
186 273 5
214 260 1
206 272 8
130 168 9
57 269 15
244 249 10
37 102 3
123 145 7
184 224 11
51 111 13
17 243 0
169 194 8
108 176 14
36 68 8
74 115 11
48 188 9
20 235 14
35 215 14
94 188 1
44 167 1
104 215 14
4 193 11
85 105 12
259 268 8
194 209 2
149 190 11
104 201 14
92 214 0
107 236 0
120 245 10
155 178 9
241 272 15
147 176 11
167 247 1
231 255 11
16 154 7
224 271 15
151 235 14
58 156 13
136 257 9
14 156 11
183 184 15
4 218 15
113 179 6
173 248 4
118 136 2
36 131 8
213 252 12
170 173 6
40 89 1
113 273 4
11 201 3
155 229 2
80 222 10
164 198 12
139 175 5
75 128 1
13 122 2
16 24 12
123 172 14
19 264 10
81 212 7
138 263 9
86 234 10
143 247 15
244 267 14
103 192 5
196 205 15
115 242 1
183 268 2
219 229 11
262 264 13
197 227 12
82 119 14
169 184 12
117 240 5
39 174 11
8 259 5
151 173 3
184 215 0
54 120 3
252 274 9
149 231 10
55 114 0
163 189 11
26 198 11
198 232 0
47 72 1
39 87 9
51 70 15
228 257 15
177 197 0
70 151 15
111 152 2
31 103 8
34 105 6
40 61 2
125 208 10
22 139 13
35 67 15
34 129 12
14 138 11
203 223 14
64 84 2
230 266 5
82 205 9
206 269 0
160 185 13
131 152 15
192 196 12
118 251 2
44 108 5
84 152 13
10 135 11
62 235 15
82 242 9
30 45 4
208 268 1
168 251 13
72 215 11
81 240 6
123 231 8
186 233 10
241 256 2
85 229 4
257 273 14
156 214 10
18 273 12
151 238 0
17 218 4
246 256 10
215 250 10
25 40 8
36 248 10
131 237 9
107 170 11
31 161 0
124 202 11
70 143 2
28 114 7
181 251 15
66 225 5
225 236 10
94 267 13
20 165 14
110 176 14
55 247 3
185 262 6
182 214 8
109 196 4
168 178 13
53 203 11
47 182 7
54 188 1
165 261 1
16 241 1
202 269 8
10 204 13
12 262 5
223 262 13
61 106 8
40 143 4
23 77 1
83 161 1
76 210 12
49 104 13
63 176 3
90 183 13
196 272 8
225 238 11
128 238 14
111 222 1
114 165 7
30 40 11
34 240 11
105 200 1
71 108 8
168 169 14
129 218 10
175 194 6
133 169 13
92 244 13
34 120 9
145 254 9
128 245 2
6 83 12
171 181 15
248 254 3
187 204 10
36 74 0
211 229 15
61 158 15
66 217 7
25 227 13
175 271 6
17 183 15
67 167 7
159 217 3
221 244 14
246 247 8
101 115 8
141 267 11
92 167 8
142 147 5
152 161 13
198 231 13
107 132 3
16 20 6
35 240 12
133 157 4
102 239 12
179 231 2
85 259 10
187 211 6
169 209 6
35 249 4
102 240 9
60 180 12
63 80 2
150 271 13
90 115 5
207 253 2
8 191 11
154 206 11
183 196 10
97 152 10
63 96 4
152 232 5
41 130 13
53 232 3
175 176 6
119 143 13
236 273 0
146 260 1
146 223 14
143 189 6
37 272 0
76 141 3
239 242 0
142 199 3
95 165 8
3 176 3
157 190 12
15 133 13
144 270 3
198 209 3
55 173 0
128 218 14
167 232 12
45 154 6
251 266 2
218 257 1
117 205 15
237 242 1
132 222 0
145 213 10
197 258 3
248 261 7
19 174 2
80 120 13
102 267 5
142 259 8
46 93 15
64 181 6
23 262 0
204 250 9
148 273 5
77 104 6
243 258 1
111 144 3
148 159 1
116 205 14
38 142 8
96 188 12
81 166 10
174 196 9
126 238 1
72 202 15
184 185 7
112 117 15
134 152 8
182 271 11
23 235 1
229 253 4
265 274 4
128 200 12
148 151 9
192 260 5
35 198 10
204 264 13
122 217 3
242 255 11
17 126 7
95 170 2
245 247 11
140 181 15
98 182 10
75 155 1
58 142 14
228 261 13
18 168 14
30 224 4
58 243 6
117 221 2
37 153 2
106 168 12
37 231 4
179 200 10
576 2162
1 2
1 25
1 26
2 25
2 3
2 26
2 27
3 26
3 4
3 27
3 28
4 27
4 5
4 28
4 29
5 28
5 6
5 29
5 30
6 29
6 7
6 30
6 31
7 30
7 8
7 31
7 32
8 31
8 9
8 32
8 33
9 32
9 10
9 33
9 34
10 33
10 11
10 34
10 35
11 34
11 12
11 35
11 36
12 35
12 13
12 36
12 37
13 36
13 14
13 37
13 38
14 37
14 15
14 38
14 39
15 38
15 16
15 39
15 40
16 39
16 17
16 40
16 41
17 40
17 18
17 41
17 42
18 41
18 19
18 42
18 43
19 42
19 20
19 43
19 44
20 43
20 21
20 44
20 45
21 44
21 22
21 45
21 46
22 45
22 23
22 46
22 47
23 46
23 24
23 47
23 48
24 47
25 26
25 49
25 50
26 49
26 27
26 50
26 51
27 50
27 28
27 51
27 52
28 51
28 29
28 52
28 53
29 52
29 30
29 53
29 54
30 53
30 31
30 54
30 55
31 54
31 32
31 55
31 56
32 55
32 33
32 56
32 57
33 56
33 34
33 57
33 58
34 57
34 35
34 58
34 59
35 58
35 36
35 59
35 60
36 59
36 37
36 60
36 61
37 60
37 38
37 61
37 62
38 61
38 39
38 62
38 63
39 62
39 40
39 63
39 64
40 63
40 41
40 64
40 65
41 64
41 42
41 65
41 66
42 65
42 43
42 66
42 67
43 66
43 44
43 67
43 68
44 67
44 45
44 68
44 69
45 68
45 46
45 69
45 70
46 69
46 47
46 70
46 71
47 70
47 48
47 71
47 72
48 71
49 50
49 73
49 74
50 73
50 51
50 74
50 75
51 74
51 52
51 75
51 76
52 75
52 53
52 76
52 77
53 76
53 54
53 77
53 78
54 77
54 55
54 78
54 79
55 78
55 56
55 79
55 80
56 79
56 57
56 80
56 81
57 80
57 58
57 81
57 82
58 81
58 59
58 82
58 83
59 82
59 60
59 83
59 84
60 83
60 61
60 84
60 85
61 84
61 62
61 85
61 86
62 85
62 63
62 86
62 87
63 86
63 64
63 87
63 88
64 87
64 65
64 88
64 89
65 88
65 66
65 89
65 90
66 89
66 67
66 90
66 91
67 90
67 68
67 91
67 92
68 91
68 69
68 92
68 93
69 92
69 70
69 93
69 94
70 93
70 71
70 94
70 95
71 94
71 72
71 95
71 96
72 95
73 74
73 97
73 98
74 97
74 75
74 98
74 99
75 98
75 76
75 99
75 100
76 99
76 77
76 100
76 101
77 100
77 78
77 101
77 102
78 101
78 79
78 102
78 103
79 102
79 80
79 103
79 104
80 103
80 81
80 104
80 105
81 104
81 82
81 105
81 106
82 105
82 83
82 106
82 107
83 106
83 84
83 107
83 108
84 107
84 85
84 108
84 109
85 108
85 86
85 109
85 110
86 109
86 87
86 110
86 111
87 110
87 88
87 111
87 112
88 111
88 89
88 112
88 113
89 112
89 90
89 113
89 114
90 113
90 91
90 114
90 115
91 114
91 92
91 115
91 116
92 115
92 93
92 116
92 117
93 116
93 94
93 117
93 118
94 117
94 95
94 118
94 119
95 118
95 96
95 119
95 120
96 119
97 98
97 121
97 122
98 121
98 99
98 122
98 123
99 122
99 100
99 123
99 124
100 123
100 101
100 124
100 125
101 124
101 102
101 125
101 126
102 125
102 103
102 126
102 127
103 126
103 104
103 127
103 128
104 127
104 105
104 128
104 129
105 128
105 106
105 129
105 130
106 129
106 107
106 130
106 131
107 130
107 108
107 131
107 132
108 131
108 109
108 132
108 133
109 132
109 110
109 133
109 134
110 133
110 111
110 134
110 135
111 134
111 112
111 135
111 136
112 135
112 113
112 136
112 137
113 136
113 114
113 137
113 138
114 137
114 115
114 138
114 139
115 138
115 116
115 139
115 140
116 139
116 117
116 140
116 141
117 140
117 118
117 141
117 142
118 141
118 119
118 142
118 143
119 142
119 120
119 143
119 144
120 143
121 122
121 145
121 146
122 145
122 123
122 146
122 147
123 146
123 124
123 147
123 148
124 147
124 125
124 148
124 149
125 148
125 126
125 149
125 150
126 149
126 127
126 150
126 151
127 150
127 128
127 151
127 152
128 151
128 129
128 152
128 153
129 152
129 130
129 153
129 154
130 153
130 131
130 154
130 155
131 154
131 132
131 155
131 156
132 155
132 133
132 156
132 157
133 156
133 134
133 157
133 158
134 157
134 135
134 158
134 159
135 158
135 136
135 159
135 160
136 159
136 137
136 160
136 161
137 160
137 138
137 161
137 162
138 161
138 139
138 162
138 163
139 162
139 140
139 163
139 164
140 163
140 141
140 164
140 165
141 164
141 142
141 165
141 166
142 165
142 143
142 166
142 167
143 166
143 144
143 167
143 168
144 167
145 146
145 169
145 170
146 169
146 147
146 170
146 171
147 170
147 148
147 171
147 172
148 171
148 149
148 172
148 173
149 172
149 150
149 173
149 174
150 173
150 151
150 174
150 175
151 174
151 152
151 175
151 176
152 175
152 153
152 176
152 177
153 176
153 154
153 177
153 178
154 177
154 155
154 178
154 179
155 178
155 156
155 179
155 180
156 179
156 157
156 180
156 181
157 180
157 158
157 181
157 182
158 181
158 159
158 182
158 183
159 182
159 160
159 183
159 184
160 183
160 161
160 184
160 185
161 184
161 162
161 185
161 186
162 185
162 163
162 186
162 187
163 186
163 164
163 187
163 188
164 187
164 165
164 188
164 189
165 188
165 166
165 189
165 190
166 189
166 167
166 190
166 191
167 190
167 168
167 191
167 192
168 191
169 170
169 193
169 194
170 193
170 171
170 194
170 195
171 194
171 172
171 195
171 196
172 195
172 173
172 196
172 197
173 196
173 174
173 197
173 198
174 197
174 175
174 198
174 199
175 198
175 176
175 199
175 200
176 199
176 177
176 200
176 201
177 200
177 178
177 201
177 202
178 201
178 179
178 202
178 203
179 202
179 180
179 203
179 204
180 203
180 181
180 204
180 205
181 204
181 182
181 205
181 206
182 205
182 183
182 206
182 207
183 206
183 184
183 207
183 208
184 207
184 185
184 208
184 209
185 208
185 186
185 209
185 210
186 209
186 187
186 210
186 211
187 210
187 188
187 211
187 212
188 211
188 189
188 212
188 213
189 212
189 190
189 213
189 214
190 213
190 191
190 214
190 215
191 214
191 192
191 215
191 216
192 215
193 194
193 217
193 218
194 217
194 195
194 218
194 219
195 218
195 196
195 219
195 220
196 219
196 197
196 220
196 221
197 220
197 198
197 221
197 222
198 221
198 199
198 222
198 223
199 222
199 200
199 223
199 224
200 223
200 201
200 224
200 225
201 224
201 202
201 225
201 226
202 225
202 203
202 226
202 227
203 226
203 204
203 227
203 228
204 227
204 205
204 228
204 229
205 228
205 206
205 229
205 230
206 229
206 207
206 230
206 231
207 230
207 208
207 231
207 232
208 231
208 209
208 232
208 233
209 232
209 210
209 233
209 234
210 233
210 211
210 234
210 235
211 234
211 212
211 235
211 236
212 235
212 213
212 236
212 237
213 236
213 214
213 237
213 238
214 237
214 215
214 238
214 239
215 238
215 216
215 239
215 240
216 239
217 218
217 241
217 242
218 241
218 219
218 242
218 243
219 242
219 220
219 243
219 244
220 243
220 221
220 244
220 245
221 244
221 222
221 245
221 246
222 245
222 223
222 246
222 247
223 246
223 224
223 247
223 248
224 247
224 225
224 248
224 249
225 248
225 226
225 249
225 250
226 249
226 227
226 250
226 251
227 250
227 228
227 251
227 252
228 251
228 229
228 252
228 253
229 252
229 230
229 253
229 254
230 253
230 231
230 254
230 255
231 254
231 232
231 255
231 256
232 255
232 233
232 256
232 257
233 256
233 234
233 257
233 258
234 257
234 235
234 258
234 259
235 258
235 236
235 259
235 260
236 259
236 237
236 260
236 261
237 260
237 238
237 261
237 262
238 261
238 239
238 262
238 263
239 262
239 240
239 263
239 264
240 263
241 242
241 265
241 266
242 265
242 243
242 266
242 267
243 266
243 244
243 267
243 268
244 267
244 245
244 268
244 269
245 268
245 246
245 269
245 270
246 269
246 247
246 270
246 271
247 270
247 248
247 271
247 272
248 271
248 249
248 272
248 273
249 272
249 250
249 273
249 274
250 273
250 251
250 274
250 275
251 274
251 252
251 275
251 276
252 275
252 253
252 276
252 277
253 276
253 254
253 277
253 278
254 277
254 255
254 278
254 279
255 278
255 256
255 279
255 280
256 279
256 257
256 280
256 281
257 280
257 258
257 281
257 282
258 281
258 259
258 282
258 283
259 282
259 260
259 283
259 284
260 283
260 261
260 284
260 285
261 284
261 262
261 285
261 286
262 285
262 263
262 286
262 287
263 286
263 264
263 287
263 288
264 287
265 266
265 289
265 290
266 289
266 267
266 290
266 291
267 290
267 268
267 291
267 292
268 291
268 269
268 292
268 293
269 292
269 270
269 293
269 294
270 293
270 271
270 294
270 295
271 294
271 272
271 295
271 296
272 295
272 273
272 296
272 297
273 296
273 274
273 297
273 298
274 297
274 275
274 298
274 299
275 298
275 276
275 299
275 300
276 299
276 277
276 300
276 301
277 300
277 278
277 301
277 302
278 301
278 279
278 302
278 303
279 302
279 280
279 303
279 304
280 303
280 281
280 304
280 305
281 304
281 282
281 305
281 306
282 305
282 283
282 306
282 307
283 306
283 284
283 307
283 308
284 307
284 285
284 308
284 309
285 308
285 286
285 309
285 310
286 309
286 287
286 310
286 311
287 310
287 288
287 311
287 312
288 311
289 290
289 313
289 314
290 313
290 291
290 314
290 315
291 314
291 292
291 315
291 316
292 315
292 293
292 316
292 317
293 316
293 294
293 317
293 318
294 317
294 295
294 318
294 319
295 318
295 296
295 319
295 320
296 319
296 297
296 320
296 321
297 320
297 298
297 321
297 322
298 321
298 299
298 322
298 323
299 322
299 300
299 323
299 324
300 323
300 301
300 324
300 325
301 324
301 302
301 325
301 326
302 325
302 303
302 326
302 327
303 326
303 304
303 327
303 328
304 327
304 305
304 328
304 329
305 328
305 306
305 329
305 330
306 329
306 307
306 330
306 331
307 330
307 308
307 331
307 332
308 331
308 309
308 332
308 333
309 332
309 310
309 333
309 334
310 333
310 311
310 334
310 335
311 334
311 312
311 335
311 336
312 335
313 314
313 337
313 338
314 337
314 315
314 338
314 339
315 338
315 316
315 339
315 340
316 339
316 317
316 340
316 341
317 340
317 318
317 341
317 342
318 341
318 319
318 342
318 343
319 342
319 320
319 343
319 344
320 343
320 321
320 344
320 345
321 344
321 322
321 345
321 346
322 345
322 323
322 346
322 347
323 346
323 324
323 347
323 348
324 347
324 325
324 348
324 349
325 348
325 326
325 349
325 350
326 349
326 327
326 350
326 351
327 350
327 328
327 351
327 352
328 351
328 329
328 352
328 353
329 352
329 330
329 353
329 354
330 353
330 331
330 354
330 355
331 354
331 332
331 355
331 356
332 355
332 333
332 356
332 357
333 356
333 334
333 357
333 358
334 357
334 335
334 358
334 359
335 358
335 336
335 359
335 360
336 359
337 338
337 361
337 362
338 361
338 339
338 362
338 363
339 362
339 340
339 363
339 364
340 363
340 341
340 364
340 365
341 364
341 342
341 365
341 366
342 365
342 343
342 366
342 367
343 366
343 344
343 367
343 368
344 367
344 345
344 368
344 369
345 368
345 346
345 369
345 370
346 369
346 347
346 370
346 371
347 370
347 348
347 371
347 372
348 371
348 349
348 372
348 373
349 372
349 350
349 373
349 374
350 373
350 351
350 374
350 375
351 374
351 352
351 375
351 376
352 375
352 353
352 376
352 377
353 376
353 354
353 377
353 378
354 377
354 355
354 378
354 379
355 378
355 356
355 379
355 380
356 379
356 357
356 380
356 381
357 380
357 358
357 381
357 382
358 381
358 359
358 382
358 383
359 382
359 360
359 383
359 384
360 383
361 362
361 385
361 386
362 385
362 363
362 386
362 387
363 386
363 364
363 387
363 388
364 387
364 365
364 388
364 389
365 388
365 366
365 389
365 390
366 389
366 367
366 390
366 391
367 390
367 368
367 391
367 392
368 391
368 369
368 392
368 393
369 392
369 370
369 393
369 394
370 393
370 371
370 394
370 395
371 394
371 372
371 395
371 396
372 395
372 373
372 396
372 397
373 396
373 374
373 397
373 398
374 397
374 375
374 398
374 399
375 398
375 376
375 399
375 400
376 399
376 377
376 400
376 401
377 400
377 378
377 401
377 402
378 401
378 379
378 402
378 403
379 402
379 380
379 403
379 404
380 403
380 381
380 404
380 405
381 404
381 382
381 405
381 406
382 405
382 383
382 406
382 407
383 406
383 384
383 407
383 408
384 407
385 386
385 409
385 410
386 409
386 387
386 410
386 411
387 410
387 388
387 411
387 412
388 411
388 389
388 412
388 413
389 412
389 390
389 413
389 414
390 413
390 391
390 414
390 415
391 414
391 392
391 415
391 416
392 415
392 393
392 416
392 417
393 416
393 394
393 417
393 418
394 417
394 395
394 418
394 419
395 418
395 396
395 419
395 420
396 419
396 397
396 420
396 421
397 420
397 398
397 421
397 422
398 421
398 399
398 422
398 423
399 422
399 400
399 423
399 424
400 423
400 401
400 424
400 425
401 424
401 402
401 425
401 426
402 425
402 403
402 426
402 427
403 426
403 404
403 427
403 428
404 427
404 405
404 428
404 429
405 428
405 406
405 429
405 430
406 429
406 407
406 430
406 431
407 430
407 408
407 431
407 432
408 431
409 410
409 433
409 434
410 433
410 411
410 434
410 435
411 434
411 412
411 435
411 436
412 435
412 413
412 436
412 437
413 436
413 414
413 437
413 438
414 437
414 415
414 438
414 439
415 438
415 416
415 439
415 440
416 439
416 417
416 440
416 441
417 440
417 418
417 441
417 442
418 441
418 419
418 442
418 443
419 442
419 420
419 443
419 444
420 443
420 421
420 444
420 445
421 444
421 422
421 445
421 446
422 445
422 423
422 446
422 447
423 446
423 424
423 447
423 448
424 447
424 425
424 448
424 449
425 448
425 426
425 449
425 450
426 449
426 427
426 450
426 451
427 450
427 428
427 451
427 452
428 451
428 429
428 452
428 453
429 452
429 430
429 453
429 454
430 453
430 431
430 454
430 455
431 454
431 432
431 455
431 456
432 455
433 434
433 457
433 458
434 457
434 435
434 458
434 459
435 458
435 436
435 459
435 460
436 459
436 437
436 460
436 461
437 460
437 438
437 461
437 462
438 461
438 439
438 462
438 463
439 462
439 440
439 463
439 464
440 463
440 441
440 464
440 465
441 464
441 442
441 465
441 466
442 465
442 443
442 466
442 467
443 466
443 444
443 467
443 468
444 467
444 445
444 468
444 469
445 468
445 446
445 469
445 470
446 469
446 447
446 470
446 471
447 470
447 448
447 471
447 472
448 471
448 449
448 472
448 473
449 472
449 450
449 473
449 474
450 473
450 451
450 474
450 475
451 474
451 452
451 475
451 476
452 475
452 453
452 476
452 477
453 476
453 454
453 477
453 478
454 477
454 455
454 478
454 479
455 478
455 456
455 479
455 480
456 479
457 458
457 481
457 482
458 481
458 459
458 482
458 483
459 482
459 460
459 483
459 484
460 483
460 461
460 484
460 485
461 484
461 462
461 485
461 486
462 485
462 463
462 486
462 487
463 486
463 464
463 487
463 488
464 487
464 465
464 488
464 489
465 488
465 466
465 489
465 490
466 489
466 467
466 490
466 491
467 490
467 468
467 491
467 492
468 491
468 469
468 492
468 493
469 492
469 470
469 493
469 494
470 493
470 471
470 494
470 495
471 494
471 472
471 495
471 496
472 495
472 473
472 496
472 497
473 496
473 474
473 497
473 498
474 497
474 475
474 498
474 499
475 498
475 476
475 499
475 500
476 499
476 477
476 500
476 501
477 500
477 478
477 501
477 502
478 501
478 479
478 502
478 503
479 502
479 480
479 503
479 504
480 503
481 482
481 505
481 506
482 505
482 483
482 506
482 507
483 506
483 484
483 507
483 508
484 507
484 485
484 508
484 509
485 508
485 486
485 509
485 510
486 509
486 487
486 510
486 511
487 510
487 488
487 511
487 512
488 511
488 489
488 512
488 513
489 512
489 490
489 513
489 514
490 513
490 491
490 514
490 515
491 514
491 492
491 515
491 516
492 515
492 493
492 516
492 517
493 516
493 494
493 517
493 518
494 517
494 495
494 518
494 519
495 518
495 496
495 519
495 520
496 519
496 497
496 520
496 521
497 520
497 498
497 521
497 522
498 521
498 499
498 522
498 523
499 522
499 500
499 523
499 524
500 523
500 501
500 524
500 525
501 524
501 502
501 525
501 526
502 525
502 503
502 526
502 527
503 526
503 504
503 527
503 528
504 527
505 506
505 529
505 530
506 529
506 507
506 530
506 531
507 530
507 508
507 531
507 532
508 531
508 509
508 532
508 533
509 532
509 510
509 533
509 534
510 533
510 511
510 534
510 535
511 534
511 512
511 535
511 536
512 535
512 513
512 536
512 537
513 536
513 514
513 537
513 538
514 537
514 515
514 538
514 539
515 538
515 516
515 539
515 540
516 539
516 517
516 540
516 541
517 540
517 518
517 541
517 542
518 541
518 519
518 542
518 543
519 542
519 520
519 543
519 544
520 543
520 521
520 544
520 545
521 544
521 522
521 545
521 546
522 545
522 523
522 546
522 547
523 546
523 524
523 547
523 548
524 547
524 525
524 548
524 549
525 548
525 526
525 549
525 550
526 549
526 527
526 550
526 551
527 550
527 528
527 551
527 552
528 551
529 530
529 553
529 554
530 553
530 531
530 554
530 555
531 554
531 532
531 555
531 556
532 555
532 533
532 556
532 557
533 556
533 534
533 557
533 558
534 557
534 535
534 558
534 559
535 558
535 536
535 559
535 560
536 559
536 537
536 560
536 561
537 560
537 538
537 561
537 562
538 561
538 539
538 562
538 563
539 562
539 540
539 563
539 564
540 563
540 541
540 564
540 565
541 564
541 542
541 565
541 566
542 565
542 543
542 566
542 567
543 566
543 544
543 567
543 568
544 567
544 545
544 568
544 569
545 568
545 546
545 569
545 570
546 569
546 547
546 570
546 571
547 570
547 548
547 571
547 572
548 571
548 549
548 572
548 573
549 572
549 550
549 573
549 574
550 573
550 551
550 574
550 575
551 574
551 552
551 575
551 576
552 575
24 48
48 72
72 96
96 120
120 144
144 168
168 192
192 216
216 240
240 264
264 288
288 312
312 336
336 360
360 384
384 408
408 432
432 456
456 480
480 504
504 528
528 552
552 576
553 554
554 555
555 556
556 557
557 558
558 559
559 560
560 561
561 562
562 563
563 564
564 565
565 566
566 567
567 568
568 569
569 570
570 571
571 572
572 573
573 574
574 575
575 576
