85 2462
47 78 4
47 51 0
8 78 3
8 69 13
46 69 11
8 76 14
6 46 11
6 62 13
51 74 14
33 69 5
44 74 13
66 78 9
35 62 9
6 13 7
5 76 13
7 33 6
78 80 12
41 44 9
44 52 10
34 74 8
27 51 0
34 57 2
2 34 9
74 84 7
74 81 7
60 84 8
18 80 5
7 49 2
16 44 7
6 11 11
23 35 4
69 71 2
47 67 1
6 73 14
18 56 8
23 31 4
33 36 7
3 80 8
49 64 9
59 60 3
24 44 3
3 72 15
2 37 7
18 55 2
7 39 7
62 65 1
19 27 14
11 15 15
1 18 9
2 9 5
32 37 1
62 82 11
23 38 7
5 53 3
11 42 4
21 53 15
1 75 4
36 40 4
4 49 9
2 26 12
4 48 0
7 85 8
15 79 3
20 44 8
68 69 12
46 61 13
9 83 5
50 62 5
10 41 0
43 56 2
22 69 2
2 30 3
17 24 14
39 54 6
21 77 9
13 70 1
14 57 12
12 47 4
28 81 10
63 84 9
25 54 2
29 34 7
45 76 13
58 73 6
77 79 10
47 61 8
42 78 0
18 84 5
24 56 5
37 80 5
65 74 0
2 19 14
36 66 15
28 65 2
14 79 10
83 84 15
28 77 14
24 62 15
21 66 6
42 60 14
83 85 4
39 76 7
65 71 0
54 78 9
55 58 13
49 60 13
68 73 6
52 56 12
70 76 13
21 45 9
10 50 0
26 72 15
30 76 7
38 67 6
67 74 0
8 18 13
81 83 5
70 72 6
73 83 15
23 73 12
69 75 12
3 59 1
18 51 14
20 52 12
6 44 4
76 84 1
22 67 5
49 52 2
21 48 10
33 64 6
28 48 11
13 46 4
38 55 9
65 75 10
80 83 6
44 72 4
6 17 11
63 81 0
21 67 4
37 72 14
63 71 4
10 51 7
35 61 2
69 83 11
19 68 0
19 55 4
69 72 9
34 35 5
67 76 5
3 47 11
8 17 7
77 82 4
10 69 2
23 67 7
56 68 5
40 52 4
40 76 9
30 38 5
9 61 0
21 61 6
10 80 0
58 75 7
3 51 13
29 47 3
29 69 10
30 44 6
5 43 11
69 70 1
27 67 13
5 19 8
41 72 5
50 69 10
58 70 1
17 43 4
67 84 7
48 69 0
12 44 1
24 36 11
33 35 11
61 76 10
53 57 2
49 57 2
31 33 4
79 80 10
4 32 7
46 47 3
74 82 8
37 85 9
4 79 1
30 42 2
61 64 4
46 72 12
22 39 10
72 74 8
32 56 1
73 77 10
31 55 6
9 45 4
74 76 2
25 74 15
11 83 0
61 67 6
58 74 1
76 85 13
61 68 15
31 69 13
19 61 5
16 74 13
73 81 15
35 65 8
63 65 3
66 84 6
78 82 9
62 78 9
25 45 6
60 74 12
50 54 8
25 36 6
72 77 0
25 26 0
51 65 13
7 81 2
34 82 1
82 85 1
38 58 2
13 58 6
46 64 11
1 60 14
27 40 13
7 18 6
73 84 6
68 83 3
62 73 4
79 82 5
38 74 7
72 78 0
33 65 5
31 57 4
70 71 2
40 63 2
35 80 11
71 82 11
7 14 11
82 84 15
12 57 2
69 82 11
51 58 1
30 31 4
68 85 4
77 85 11
39 81 11
23 78 11
82 83 15
16 56 3
10 16 12
45 56 0
68 79 13
78 83 0
15 49 11
2 28 13
55 56 7
6 66 6
10 37 12
28 85 11
27 70 6
14 20 12
11 74 4
5 11 9
44 65 14
84 85 13
42 65 11
33 73 10
34 39 7
62 75 8
38 41 7
44 57 2
48 77 0
52 69 10
46 53 4
31 66 15
24 70 7
73 82 1
56 59 5
24 47 4
57 75 14
51 57 9
76 83 8
21 24 0
28 55 3
61 82 11
23 66 13
59 69 10
36 60 15
72 82 5
36 75 2
31 49 0
45 69 11
74 77 7
63 68 14
15 38 7
1 63 0
21 62 2
45 74 1
51 70 8
70 82 1
45 50 13
71 79 11
2 40 5
26 39 1
16 65 3
41 81 11
57 64 3
40 61 6
75 80 12
75 78 11
54 76 13
54 82 15
31 41 3
1 71 1
67 68 1
58 59 6
46 60 15
47 75 6
4 13 5
32 60 11
16 24 6
22 44 3
71 84 4
77 83 8
56 61 14
30 39 8
5 84 6
22 54 3
75 77 8
28 46 7
2 68 15
53 65 3
64 70 15
11 18 9
27 53 12
17 45 15
3 57 4
15 36 10
16 54 14
55 60 13
78 85 11
6 74 13
66 68 9
52 78 12
25 35 13
35 54 8
32 41 7
20 70 10
29 42 12
45 84 8
7 20 9
62 63 9
40 62 4
37 38 6
17 32 14
66 72 9
1 47 13
48 54 1
5 16 14
38 60 5
31 65 13
74 75 7
3 30 2
69 80 15
66 71 3
11 52 10
20 55 11
35 75 12
64 71 7
36 65 4
27 29 2
53 60 6
79 83 2
68 77 4
37 54 6
38 75 15
26 49 11
66 73 3
45 47 2
71 76 15
71 72 11
38 53 1
2 58 1
54 64 9
58 72 13
5 39 9
7 44 5
19 38 14
72 79 0
6 7 6
23 80 6
33 37 12
66 77 12
53 58 15
38 72 15
8 39 7
56 81 8
55 83 8
62 72 7
61 80 10
47 62 3
76 81 15
34 81 11
58 61 11
65 68 10
73 85 1
35 81 13
11 81 8
64 83 0
70 83 3
68 78 6
14 59 14
58 60 0
19 24 9
59 82 9
49 83 10
8 57 12
25 48 0
20 78 14
16 26 1
34 70 2
59 80 14
46 58 10
49 75 14
26 28 1
81 82 7
40 43 10
39 84 9
56 60 9
19 41 4
24 65 0
73 79 4
24 43 2
8 32 7
60 72 14
29 50 11
28 72 1
2 54 10
31 53 13
39 59 10
23 41 5
65 69 9
26 50 13
15 68 10
45 68 2
61 65 12
2 11 1
47 68 3
48 83 5
64 72 12
22 34 8
17 54 12
16 37 0
36 69 0
19 85 4
45 79 4
16 62 11
58 62 12
61 70 6
59 66 11
11 65 14
68 76 1
13 55 7
14 47 10
15 21 7
57 60 9
49 53 11
50 58 8
7 58 9
69 79 9
76 77 15
56 70 9
48 49 13
2 36 12
13 37 7
51 80 13
13 34 13
15 65 10
73 78 13
9 69 7
64 85 12
37 61 10
11 71 3
6 16 6
55 63 13
17 21 14
44 61 10
10 39 10
59 81 3
19 51 2
4 81 9
33 42 5
11 40 11
24 81 10
28 36 12
6 21 8
67 81 5
17 65 2
80 85 0
38 44 15
5 47 5
56 72 12
62 77 8
4 44 11
18 53 2
19 31 1
47 49 13
17 20 5
60 70 15
5 26 7
14 83 5
18 74 2
16 69 5
12 80 13
14 51 1
55 77 0
40 45 1
51 77 13
31 58 6
43 69 15
57 82 2
69 85 4
53 74 8
51 63 10
31 34 7
42 53 3
10 62 11
2 82 11
44 59 7
60 85 1
16 28 1
75 84 4
81 85 1
65 73 1
23 43 10
36 37 1
80 81 12
29 82 5
62 71 13
64 81 1
35 57 13
43 61 14
21 55 14
36 62 9
6 76 13
17 58 10
10 58 15
45 58 2
26 30 5
12 40 5
52 68 13
29 44 3
48 70 6
43 53 1
45 57 4
59 67 13
75 76 8
17 78 2
21 78 7
50 84 2
8 55 13
24 55 14
13 27 1
13 75 9
19 40 13
47 77 10
19 74 12
64 75 0
6 42 6
76 80 1
18 62 6
10 29 10
4 20 0
49 61 15
31 63 13
55 74 14
26 45 0
67 83 12
52 74 3
9 70 14
32 54 1
40 75 6
48 82 8
32 66 11
49 81 12
35 38 4
16 17 7
39 40 4
14 67 15
53 84 11
39 82 10
7 57 13
47 64 8
56 73 12
37 42 5
46 48 5
72 81 9
28 59 11
60 75 13
75 81 15
41 52 10
27 43 5
59 83 2
67 70 13
14 61 6
70 73 11
47 54 5
52 72 4
54 79 9
73 74 15
18 47 8
19 35 13
36 68 1
64 74 12
21 71 3
76 82 14
1 39 6
36 43 14
51 72 8
58 64 5
50 52 9
43 67 11
58 82 11
22 66 7
48 51 5
12 39 10
44 46 0
24 75 11
25 53 6
70 75 4
39 85 3
15 77 2
20 22 8
50 73 7
19 67 10
39 71 4
53 54 14
6 82 13
16 48 15
35 52 5
45 82 7
60 61 9
58 76 12
17 41 3
65 81 7
54 75 5
60 80 8
23 24 10
35 70 3
56 69 8
79 85 9
47 83 5
28 64 13
65 76 8
28 82 3
60 79 15
19 65 15
14 63 1
45 72 3
40 55 8
79 81 1
75 83 6
4 73 7
40 69 12
31 62 14
65 80 15
16 75 9
22 80 10
70 81 1
56 71 8
10 27 8
63 76 8
47 66 14
48 80 7
25 66 9
8 81 5
67 79 7
24 68 6
59 78 12
3 61 3
1 14 5
26 48 14
6 75 1
39 75 7
51 52 0
35 53 6
7 76 13
51 73 12
29 51 6
40 49 7
1 10 8
52 73 15
30 80 9
67 80 3
63 83 7
81 84 0
2 53 3
6 32 6
55 81 8
56 82 6
21 40 4
10 14 15
57 73 11
58 71 1
60 78 4
23 56 15
35 85 5
32 73 0
12 85 8
58 85 1
33 84 14
42 75 6
4 46 9
41 84 10
35 40 3
13 43 9
26 47 3
41 43 12
64 66 14
37 46 9
52 79 15
2 61 15
61 79 5
72 73 15
64 80 6
17 42 3
20 40 15
8 54 8
32 44 11
26 58 15
54 77 11
23 44 10
15 22 9
3 40 10
16 19 4
8 29 11
78 84 15
41 51 15
18 49 11
60 81 0
67 82 0
14 73 11
77 80 2
69 73 10
17 34 7
52 63 1
47 69 2
14 35 14
54 62 2
4 67 13
34 78 11
53 64 2
45 48 12
4 10 10
39 67 14
36 46 10
14 19 9
61 78 9
59 62 1
66 70 14
76 78 4
26 74 12
50 83 15
56 67 12
12 29 10
53 69 12
51 69 14
2 71 0
24 28 5
11 28 9
34 56 5
42 79 14
51 83 7
44 60 8
54 80 2
18 60 1
32 36 13
38 46 2
8 10 1
26 81 6
54 59 0
11 57 8
42 59 3
51 68 0
21 42 8
28 42 6
36 41 7
10 42 14
16 53 7
40 59 3
45 67 4
70 78 6
9 85 4
41 47 3
42 77 3
39 68 11
28 66 2
3 20 2
3 73 15
57 58 4
1 27 7
45 65 1
54 63 11
23 77 4
45 51 15
25 55 15
2 65 13
3 21 9
32 84 10
22 23 4
79 84 13
13 62 12
16 66 0
27 78 2
8 53 1
3 67 7
50 77 11
25 47 3
18 34 0
75 82 7
23 39 1
41 85 5
6 81 13
31 84 15
12 58 3
31 64 10
42 58 9
69 74 15
22 41 9
3 55 3
31 44 4
12 72 9
20 58 11
19 50 11
7 42 1
18 63 5
50 66 9
27 63 7
68 80 14
4 56 10
57 63 0
13 42 6
25 83 9
69 76 5
14 37 4
71 77 11
4 72 0
34 47 0
63 72 0
55 80 13
28 47 1
16 18 10
9 33 10
46 68 0
27 84 9
48 58 11
54 55 9
42 57 0
26 57 3
1 31 1
53 78 11
61 77 13
63 74 14
52 84 2
63 73 13
5 51 7
39 83 9
2 6 10
56 84 5
66 82 8
19 49 13
37 68 0
29 43 12
47 76 4
10 11 9
17 48 10
6 50 11
21 69 15
71 85 9
36 73 8
10 61 8
7 28 12
35 69 14
8 75 8
44 50 6
52 62 11
39 45 13
74 83 7
57 61 12
44 56 1
60 71 7
55 84 3
36 45 12
33 61 6
63 67 6
52 67 11
60 76 14
1 23 2
11 67 14
15 55 11
36 59 7
6 57 1
11 75 15
7 63 7
58 78 12
32 79 10
47 79 4
23 25 9
44 78 7
39 53 5
12 30 0
36 48 7
10 38 5
15 45 7
25 62 11
67 72 15
55 66 1
33 43 12
45 46 8
54 84 14
57 59 6
34 52 11
34 46 10
70 80 13
50 67 10
31 70 7
2 13 4
13 35 0
48 85 8
74 79 8
5 63 0
40 41 4
25 40 14
22 81 0
16 49 2
69 84 1
57 85 9
74 80 9
2 81 14
51 53 6
56 58 2
48 68 14
5 58 14
22 31 9
10 77 15
77 78 10
24 60 12
7 48 12
23 64 4
53 68 4
38 84 6
6 28 15
71 80 10
10 31 11
32 74 9
40 46 12
22 49 1
68 82 12
40 57 8
57 78 11
39 41 8
24 52 12
22 79 3
27 34 4
6 18 0
10 26 14
27 81 15
3 85 1
33 75 8
68 74 12
38 71 3
43 84 3
53 75 8
5 17 7
45 83 6
57 83 2
49 62 1
22 78 15
12 60 7
34 38 4
21 44 15
71 74 3
49 78 14
15 44 13
39 77 7
50 56 1
17 44 15
9 23 8
5 48 11
17 72 6
33 62 4
38 83 7
12 52 14
25 59 15
3 63 3
22 71 9
44 49 3
7 17 13
48 59 13
18 82 7
17 71 5
29 59 3
15 37 2
16 45 11
36 44 12
39 63 3
19 54 1
16 60 8
37 44 5
45 63 13
31 85 8
78 79 0
74 85 6
38 45 11
24 40 13
23 61 4
65 85 14
30 52 0
54 72 5
10 76 1
37 41 13
63 70 6
24 76 13
57 77 14
29 58 3
23 63 8
5 32 14
15 70 7
53 67 12
41 71 11
28 34 15
12 83 15
80 82 15
61 75 0
4 43 2
1 37 10
14 76 14
27 79 5
16 73 0
7 16 1
35 83 6
20 23 5
71 81 15
60 69 11
18 54 6
35 66 11
31 54 13
9 50 3
48 75 2
42 82 15
21 47 5
13 81 1
9 62 12
35 51 13
12 54 3
23 46 11
6 12 15
22 42 8
42 62 2
46 55 4
25 85 12
67 71 6
49 76 11
40 74 9
5 77 4
11 84 8
11 23 8
33 63 7
47 70 9
9 17 2
19 73 6
21 64 13
25 50 0
40 78 13
16 83 6
75 79 5
30 60 14
55 72 15
24 48 6
34 55 0
8 22 9
35 73 11
51 62 0
51 59 0
10 56 10
66 79 12
27 35 13
73 80 8
53 80 5
47 85 7
54 60 8
71 78 13
45 61 11
44 79 15
7 60 0
3 43 12
14 28 2
31 82 7
12 82 3
13 45 2
32 63 6
33 53 6
22 40 6
13 22 1
44 53 9
50 70 5
34 43 2
5 57 1
6 58 1
70 79 15
36 67 5
36 85 7
34 65 3
65 83 15
58 80 1
7 38 10
5 40 5
44 73 11
50 72 9
9 22 0
74 78 10
41 65 1
51 54 11
37 66 14
36 49 2
68 72 12
24 74 4
22 58 1
1 25 3
49 77 10
49 68 11
48 76 2
58 68 0
59 73 11
6 31 5
10 17 15
4 59 4
29 37 14
56 62 5
61 85 8
16 61 11
1 46 5
30 35 12
67 75 5
24 67 4
66 69 3
47 48 6
33 83 6
77 84 8
26 69 3
6 36 8
23 79 9
61 66 6
19 29 4
11 51 1
16 71 0
14 69 9
4 5 13
15 28 9
30 83 6
60 68 14
32 43 8
14 21 0
53 61 14
24 35 12
33 78 8
23 51 6
5 62 15
28 63 10
39 60 8
3 36 5
7 30 12
15 16 5
40 83 5
72 83 0
56 57 10
67 69 15
65 67 15
29 73 8
5 38 11
76 79 2
17 64 2
37 49 1
56 85 15
14 18 12
13 29 1
7 80 3
64 73 0
46 71 15
18 36 5
14 84 13
25 61 8
58 67 11
14 52 7
59 74 7
50 71 6
17 73 2
63 85 5
40 48 6
65 77 12
68 75 7
8 44 2
58 63 2
4 36 1
62 81 10
71 75 8
8 25 14
11 55 14
26 76 11
6 22 15
1 52 11
20 27 7
10 52 4
51 85 4
5 66 11
1 16 9
20 56 10
29 55 10
42 49 4
4 52 14
54 66 1
4 6 2
55 59 6
15 25 9
80 84 8
34 67 10
65 70 13
39 64 6
27 61 13
60 63 9
48 53 0
32 77 8
30 46 5
2 83 4
20 60 10
2 64 15
37 40 9
69 81 0
9 75 4
24 29 7
13 24 13
38 64 4
26 73 3
2 24 0
20 31 9
19 46 14
38 54 8
29 40 1
66 67 9
30 79 13
11 21 0
54 56 15
49 74 11
53 83 5
36 47 6
17 53 4
60 82 2
39 52 15
34 61 7
33 49 13
47 50 8
20 67 13
49 56 13
3 12 14
28 73 7
7 79 2
25 38 2
29 61 5
18 27 0
17 82 11
77 81 12
19 77 7
29 46 14
25 67 12
46 79 13
46 76 13
45 66 2
17 77 14
33 74 10
22 57 15
29 78 2
55 76 9
56 66 10
21 60 9
56 76 11
43 68 15
19 53 12
60 65 13
9 49 5
18 67 10
38 57 11
54 70 0
41 83 5
11 24 0
20 74 14
23 27 8
44 85 3
27 56 13
39 50 1
41 53 6
54 81 2
29 63 6
34 42 1
61 74 3
20 57 9
33 38 0
16 35 2
12 84 14
36 58 14
11 25 4
30 70 5
29 32 12
3 52 14
40 68 5
57 66 15
49 69 5
39 69 12
72 80 6
51 81 13
5 7 1
53 82 7
43 76 1
35 79 14
43 52 3
4 58 14
8 24 15
52 54 8
1 73 5
2 16 6
11 14 3
1 40 7
27 73 0
46 78 12
18 19 13
6 78 4
37 75 5
37 55 3
1 65 0
20 39 4
10 85 3
17 68 4
53 70 14
32 55 10
62 80 15
14 49 10
61 63 2
42 81 1
28 45 3
47 56 9
21 50 1
38 39 5
4 11 11
8 41 9
66 81 2
4 33 5
65 66 0
15 43 4
3 33 15
29 68 8
38 48 14
66 76 4
48 84 7
20 34 8
33 81 2
71 83 8
12 53 11
4 70 9
49 80 9
64 78 5
64 84 12
59 71 2
55 71 7
41 57 4
19 81 3
8 63 9
8 14 8
5 29 4
55 69 14
58 83 10
37 69 15
14 50 1
17 61 0
38 81 13
49 84 12
19 36 8
28 53 14
19 37 5
24 61 12
44 45 5
24 50 9
18 42 14
17 69 4
62 68 10
20 47 2
22 30 0
37 63 3
11 12 14
62 83 7
50 80 5
73 76 12
42 67 2
10 25 5
14 43 6
9 56 7
22 48 11
10 44 9
63 82 11
49 66 4
27 47 1
46 57 8
30 37 12
28 74 6
40 79 13
42 50 12
35 59 14
11 32 2
38 66 12
11 62 11
1 13 1
40 51 1
6 26 9
41 79 3
55 62 8
29 36 9
48 61 3
13 31 9
48 79 14
48 55 9
34 64 6
68 84 10
35 60 2
34 62 6
34 37 14
32 53 6
27 64 11
59 64 1
39 58 10
52 71 13
8 11 0
48 78 7
28 39 1
10 20 12
37 64 1
16 34 14
51 75 3
57 65 3
27 28 0
6 24 0
21 76 5
48 65 10
24 57 0
9 59 13
17 46 13
25 64 13
67 78 10
60 83 4
5 13 0
65 72 1
62 69 4
48 60 4
26 33 1
23 26 11
29 70 10
52 66 1
34 50 12
9 57 13
59 65 14
12 66 2
60 77 10
26 61 14
59 76 10
8 15 12
41 75 2
41 54 1
34 51 9
51 78 13
56 63 10
28 69 12
57 70 6
51 76 7
62 76 15
8 12 3
57 68 1
16 43 7
4 63 0
18 40 10
30 51 14
5 31 12
59 85 9
20 83 3
18 48 7
35 63 12
7 61 11
9 81 14
47 60 2
55 64 13
4 60 1
65 84 12
10 32 11
16 55 7
67 85 11
10 18 10
16 39 4
23 37 3
25 27 12
40 85 13
29 67 7
49 70 11
20 45 6
27 60 11
33 59 9
41 77 3
32 61 7
19 21 9
11 53 12
54 83 14
20 26 11
40 60 8
14 55 8
39 48 8
13 51 7
58 77 6
25 51 13
52 55 6
27 36 0
30 67 15
4 21 5
2 21 11
72 84 11
17 80 8
21 28 11
38 85 6
2 20 0
17 52 3
10 82 1
13 30 7
50 82 9
34 59 14
14 38 4
11 44 11
25 29 13
26 56 2
41 58 6
9 18 2
39 78 13
61 84 7
31 35 12
32 49 0
68 70 3
25 49 3
3 82 14
13 57 6
6 49 12
7 29 10
14 58 1
65 78 1
11 20 14
40 66 12
53 55 5
31 71 5
34 83 0
61 72 2
25 43 13
61 83 6
7 25 10
42 43 15
27 46 5
9 55 15
73 75 13
6 14 6
53 56 12
35 44 13
33 82 1
43 48 4
31 59 5
50 79 1
35 50 13
14 23 4
55 57 1
53 76 3
4 75 10
9 34 13
15 64 15
18 79 3
14 36 7
66 83 2
62 70 5
61 62 3
11 63 8
15 18 14
28 43 5
10 73 15
13 49 5
14 81 7
13 85 3
38 65 8
15 20 8
16 50 12
57 74 13
8 31 2
37 47 12
64 65 15
62 67 3
31 79 0
22 25 2
63 75 4
19 48 8
1 11 15
35 37 1
2 10 12
24 53 15
10 59 2
34 85 3
4 54 2
27 54 13
7 13 1
54 67 15
50 55 4
50 51 10
31 46 5
29 38 0
31 76 0
28 41 9
37 51 11
4 53 6
15 83 6
13 19 15
3 34 2
17 26 0
21 75 10
1 57 14
41 69 5
33 40 7
17 19 3
30 32 9
10 23 2
62 85 6
68 81 6
13 52 14
20 73 7
42 51 0
38 52 0
70 84 1
45 77 3
49 59 12
53 71 14
6 64 12
50 85 12
55 82 12
12 73 15
34 73 8
43 73 11
17 81 4
34 41 2
13 14 9
26 66 4
53 73 3
39 79 11
6 85 4
51 66 8
7 84 8
8 66 14
34 76 5
70 74 15
13 38 3
45 81 0
6 53 14
24 26 5
15 80 8
43 44 2
50 74 3
48 56 12
16 40 5
41 50 9
14 78 5
57 71 3
1 5 15
14 56 4
7 71 14
7 59 14
34 54 8
10 72 7
45 52 0
29 53 15
51 79 1
34 75 14
9 52 15
9 77 14
43 79 0
21 25 3
34 72 13
47 80 11
9 84 12
46 62 4
3 10 2
33 50 5
32 50 15
50 65 14
23 71 8
7 21 13
1 45 14
60 64 6
22 77 8
10 22 5
13 32 5
12 43 12
46 73 9
18 68 5
63 80 10
34 45 4
25 84 12
40 70 7
23 83 13
16 52 14
9 58 8
13 74 7
55 75 11
49 65 1
49 54 9
44 82 3
8 16 3
35 78 11
18 61 12
37 62 14
36 55 1
23 32 9
42 83 2
15 27 9
28 76 13
8 65 12
47 73 7
35 48 2
7 47 10
38 82 4
22 46 9
20 77 14
34 44 8
17 25 11
3 29 8
25 71 7
32 34 15
30 71 2
20 28 14
5 37 6
10 63 12
78 81 2
3 68 7
72 75 15
45 73 15
25 31 7
48 71 6
33 47 5
2 44 4
9 46 0
42 85 0
57 69 1
14 45 3
65 82 8
12 79 10
18 24 9
56 65 3
47 65 6
24 66 6
11 33 15
27 52 8
72 85 7
64 77 5
5 36 4
18 66 9
30 69 14
22 27 10
40 71 13
33 60 13
27 41 1
29 79 13
13 20 2
56 74 12
33 68 4
39 65 14
5 20 7
15 50 8
1 78 5
2 50 4
28 29 3
37 82 2
36 70 5
24 84 2
30 36 1
55 67 6
39 42 11
13 65 3
10 15 6
3 81 9
36 72 0
52 70 4
11 69 10
66 80 12
48 64 6
13 68 3
64 69 5
38 70 6
23 50 10
32 48 7
21 43 14
27 30 6
19 70 15
50 63 2
71 73 2
58 69 2
62 66 7
51 60 10
20 50 12
1 72 2
45 59 14
47 63 14
19 82 6
31 60 2
48 57 6
3 31 1
20 72 9
25 39 14
13 60 6
19 57 15
15 26 15
42 44 13
12 26 13
39 62 4
18 35 7
22 84 5
52 53 3
35 42 10
6 47 13
10 74 6
46 77 5
37 74 15
10 57 7
14 70 15
35 45 9
3 56 15
31 56 12
1 35 15
14 85 8
8 62 3
24 33 13
26 36 12
11 45 3
44 54 11
75 85 5
39 49 13
41 61 6
54 73 1
19 75 6
63 79 8
1 84 15
18 65 7
13 17 14
30 73 10
36 79 10
14 46 7
26 37 0
9 32 15
63 77 5
11 66 3
31 48 12
56 78 8
11 19 12
12 63 7
16 29 15
58 84 14
30 65 8
25 70 5
13 47 4
31 42 8
52 60 2
63 66 10
37 78 4
2 15 4
14 68 8
34 63 13
28 71 4
2 42 13
48 66 8
23 48 14
10 13 3
12 19 13
42 71 8
42 45 11
44 48 9
50 76 11
53 63 9
55 78 13
21 39 6
12 13 9
29 30 15
42 52 7
8 42 14
32 69 15
12 51 2
22 60 14
4 71 12
64 82 9
4 82 9
3 75 6
47 81 10
33 72 6
20 24 7
9 29 2
59 79 2
55 65 3
39 56 3
18 26 0
23 84 7
57 79 5
29 83 8
3 64 8
4 23 14
34 79 2
46 63 12
4 69 6
25 28 2
14 82 6
23 82 14
44 64 6
11 78 12
35 74 7
27 32 11
25 79 9
3 42 8
38 43 0
18 28 15
55 85 4
6 52 11
13 50 0
20 63 7
30 78 1
35 39 3
18 57 1
67 73 2
28 60 4
29 52 1
19 69 3
38 42 11
23 85 10
46 84 8
4 17 7
63 78 12
28 75 11
23 45 9
12 61 3
32 59 3
20 48 7
22 70 10
22 82 15
32 76 5
52 58 1
48 67 12
20 79 3
25 34 8
28 62 12
1 66 3
40 56 4
60 67 0
11 13 8
2 76 6
11 31 4
16 42 2
22 56 2
24 30 8
45 62 2
20 46 3
57 67 14
14 39 10
12 55 4
3 32 1
19 80 10
43 59 0
3 19 7
12 49 11
18 75 10
29 80 6
63 69 2
58 65 7
51 82 15
38 62 13
20 30 0
44 70 7
21 68 6
50 81 5
54 74 9
5 69 0
36 54 15
30 74 4
10 66 5
23 57 8
17 79 9
55 61 3
22 38 12
59 84 6
24 78 9
42 66 6
26 84 5
28 83 9
49 58 9
13 54 10
51 84 10
19 42 2
2 49 7
3 37 4
56 80 1
34 80 4
13 48 8
24 45 15
28 37 10
6 34 3
28 84 8
3 48 3
14 22 7
39 70 8
15 82 3
58 81 8
38 56 14
1 67 2
31 72 1
46 54 13
52 82 0
16 72 12
19 71 12
25 76 1
4 9 4
30 58 13
15 47 5
4 7 0
9 14 10
58 79 4
9 72 7
8 64 7
1 58 13
66 75 1
34 69 14
42 47 7
30 47 6
6 45 1
47 74 8
35 58 1
41 73 15
32 64 10
3 50 10
6 41 7
36 38 6
6 77 3
33 67 2
43 74 13
4 77 5
40 47 10
35 68 14
62 74 10
27 33 7
11 38 9
18 45 7
3 5 10
28 78 10
25 81 11
25 44 7
45 64 6
7 45 4
37 81 6
24 58 0
20 37 1
16 77 8
4 31 6
57 62 11
18 31 3
27 76 11
30 43 1
27 69 0
30 61 5
56 79 1
59 63 8
32 52 2
9 11 6
19 62 5
29 56 10
13 76 1
21 85 1
12 35 7
1 48 13
45 85 8
38 80 9
12 67 10
10 46 0
23 55 6
4 85 4
21 36 9
27 37 14
42 84 9
30 55 11
35 43 2
31 81 6
61 69 8
47 72 12
32 62 9
51 67 11
62 79 8
47 84 9
11 50 5
68 71 12
51 71 11
34 68 11
12 56 4
67 77 4
16 21 14
44 58 14
42 46 11
52 64 2
16 58 12
50 57 6
4 8 11
14 65 13
11 30 14
26 43 4
42 55 6
15 23 14
24 85 13
7 55 14
44 80 13
15 61 3
8 23 1
10 45 11
3 41 5
2 62 0
4 28 0
69 78 12
37 83 14
57 84 13
5 78 8
49 85 10
15 32 4
3 74 4
39 72 2
24 46 1
44 66 5
32 85 6
37 70 0
13 61 14
8 72 6
5 65 2
1 68 15
5 12 4
16 47 1
14 30 13
25 80 7
43 60 3
12 38 14
4 27 5
7 41 12
31 77 4
15 41 7
41 76 9
4 35 0
9 48 10
4 18 1
43 82 13
36 83 4
21 31 3
10 84 8
3 84 7
54 85 15
41 70 0
43 85 5
17 59 2
34 40 6
47 58 15
21 32 1
15 39 14
1 51 11
33 80 3
25 73 3
9 24 3
29 77 1
45 71 10
20 69 9
31 50 1
40 44 5
50 68 3
55 70 15
42 54 3
54 71 9
57 80 7
26 42 6
1 76 4
30 57 5
24 38 15
13 26 3
9 44 7
41 64 2
33 52 2
44 62 9
11 29 1
54 57 9
3 71 0
44 81 3
43 45 7
52 65 3
24 72 8
53 72 2
10 34 2
8 28 11
37 43 7
10 83 5
43 70 5
11 70 6
20 25 2
20 66 3
55 73 7
9 63 0
7 68 9
54 61 0
36 77 15
30 50 9
20 53 11
13 67 5
38 79 0
48 50 9
5 79 4
56 83 5
52 85 2
28 70 5
20 64 9
4 78 14
24 37 3
12 34 12
9 40 14
14 44 11
19 56 15
26 53 7
64 68 14
1 21 15
16 30 12
18 22 12
22 43 3
13 36 10
4 26 12
4 76 6
43 46 5
28 31 15
36 78 2
14 34 8
21 22 2
48 62 1
15 73 14
37 76 9
64 67 14
22 52 15
17 22 10
47 59 10
27 71 13
55 68 3
10 60 10
22 59 15
8 84 5
37 48 11
14 26 4
12 24 6
51 55 1
52 81 0
33 79 9
31 38 7
9 74 4
6 55 2
53 81 0
15 31 12
26 65 5
22 45 3
46 51 4
26 60 11
20 51 15
14 60 2
6 33 0
7 78 13
2 48 10
56 64 8
8 19 12
30 72 2
50 59 4
24 49 9
43 47 10
13 73 12
5 23 7
18 50 4
6 71 13
7 54 2
32 72 12
10 12 3
41 67 7
9 54 13
30 81 10
43 51 1
21 79 7
26 44 11
18 29 13
13 82 1
15 54 2
43 77 4
7 22 0
10 49 2
15 85 5
13 83 5
35 36 10
11 80 10
9 26 3
12 48 6
27 80 1
17 56 12
40 73 11
45 49 5
11 72 11
7 46 12
20 59 1
44 76 3
23 52 0
3 69 12
66 74 14
4 64 1
31 61 14
64 79 14
3 14 0
6 30 2
49 82 11
22 76 8
21 74 15
42 70 14
24 77 4
1 15 7
22 62 13
46 81 11
14 31 7
13 56 3
8 77 9
40 84 4
29 48 6
17 55 12
20 21 10
44 77 1
16 22 4
9 12 7
19 66 12
39 57 0
22 65 5
20 85 14
21 58 6
41 59 13
40 54 13
5 74 0
29 66 1
13 15 13
39 73 3
28 49 4
20 61 6
19 22 12
8 61 12
14 62 1
9 27 11
10 30 9
19 23 9
37 65 15
2 3 4
17 67 1
31 36 13
27 68 4
13 59 14
28 35 14
18 41 5
38 68 7
2 22 12
34 36 7
34 66 4
31 37 0
36 61 9
17 50 11
20 80 3
12 65 9
37 71 10
59 61 8
20 84 14
42 61 12
24 25 15
54 58 12
43 57 2
36 51 2
35 55 2
5 33 1
1 59 0
31 52 15
5 52 10
18 32 6
61 81 6
60 62 8
48 81 2
11 56 0
8 45 15
43 75 10
31 74 9
40 67 0
22 53 0
31 75 2
19 44 6
33 66 5
17 60 9
5 41 13
63 64 4
49 51 12
18 73 11
46 56 8
17 39 5
40 53 4
32 46 14
3 76 3
6 38 6
16 84 10
37 84 12
28 54 6
5 85 5
45 70 2
15 58 13
31 67 1
22 75 0
26 29 13
21 56 4
16 64 10
33 57 2
47 52 13
52 80 12
2 12 14
5 15 11
24 54 12
40 81 13
17 51 5
29 31 8
25 52 7
4 83 15
4 68 12
1 36 5
37 39 11
41 80 8
31 78 12
52 57 3
42 69 9
38 77 15
44 75 4
25 56 2
37 77 7
27 62 15
6 79 14
40 50 8
2 80 10
30 68 14
61 73 3
324 1190
1 2
1 19
1 20
2 19
2 3
2 20
2 21
3 20
3 4
3 21
3 22
4 21
4 5
4 22
4 23
5 22
5 6
5 23
5 24
6 23
6 7
6 24
6 25
7 24
7 8
7 25
7 26
8 25
8 9
8 26
8 27
9 26
9 10
9 27
9 28
10 27
10 11
10 28
10 29
11 28
11 12
11 29
11 30
12 29
12 13
12 30
12 31
13 30
13 14
13 31
13 32
14 31
14 15
14 32
14 33
15 32
15 16
15 33
15 34
16 33
16 17
16 34
16 35
17 34
17 18
17 35
17 36
18 35
19 20
19 37
19 38
20 37
20 21
20 38
20 39
21 38
21 22
21 39
21 40
22 39
22 23
22 40
22 41
23 40
23 24
23 41
23 42
24 41
24 25
24 42
24 43
25 42
25 26
25 43
25 44
26 43
26 27
26 44
26 45
27 44
27 28
27 45
27 46
28 45
28 29
28 46
28 47
29 46
29 30
29 47
29 48
30 47
30 31
30 48
30 49
31 48
31 32
31 49
31 50
32 49
32 33
32 50
32 51
33 50
33 34
33 51
33 52
34 51
34 35
34 52
34 53
35 52
35 36
35 53
35 54
36 53
37 38
37 55
37 56
38 55
38 39
38 56
38 57
39 56
39 40
39 57
39 58
40 57
40 41
40 58
40 59
41 58
41 42
41 59
41 60
42 59
42 43
42 60
42 61
43 60
43 44
43 61
43 62
44 61
44 45
44 62
44 63
45 62
45 46
45 63
45 64
46 63
46 47
46 64
46 65
47 64
47 48
47 65
47 66
48 65
48 49
48 66
48 67
49 66
49 50
49 67
49 68
50 67
50 51
50 68
50 69
51 68
51 52
51 69
51 70
52 69
52 53
52 70
52 71
53 70
53 54
53 71
53 72
54 71
55 56
55 73
55 74
56 73
56 57
56 74
56 75
57 74
57 58
57 75
57 76
58 75
58 59
58 76
58 77
59 76
59 60
59 77
59 78
60 77
60 61
60 78
60 79
61 78
61 62
61 79
61 80
62 79
62 63
62 80
62 81
63 80
63 64
63 81
63 82
64 81
64 65
64 82
64 83
65 82
65 66
65 83
65 84
66 83
66 67
66 84
66 85
67 84
67 68
67 85
67 86
68 85
68 69
68 86
68 87
69 86
69 70
69 87
69 88
70 87
70 71
70 88
70 89
71 88
71 72
71 89
71 90
72 89
73 74
73 91
73 92
74 91
74 75
74 92
74 93
75 92
75 76
75 93
75 94
76 93
76 77
76 94
76 95
77 94
77 78
77 95
77 96
78 95
78 79
78 96
78 97
79 96
79 80
79 97
79 98
80 97
80 81
80 98
80 99
81 98
81 82
81 99
81 100
82 99
82 83
82 100
82 101
83 100
83 84
83 101
83 102
84 101
84 85
84 102
84 103
85 102
85 86
85 103
85 104
86 103
86 87
86 104
86 105
87 104
87 88
87 105
87 106
88 105
88 89
88 106
88 107
89 106
89 90
89 107
89 108
90 107
91 92
91 109
91 110
92 109
92 93
92 110
92 111
93 110
93 94
93 111
93 112
94 111
94 95
94 112
94 113
95 112
95 96
95 113
95 114
96 113
96 97
96 114
96 115
97 114
97 98
97 115
97 116
98 115
98 99
98 116
98 117
99 116
99 100
99 117
99 118
100 117
100 101
100 118
100 119
101 118
101 102
101 119
101 120
102 119
102 103
102 120
102 121
103 120
103 104
103 121
103 122
104 121
104 105
104 122
104 123
105 122
105 106
105 123
105 124
106 123
106 107
106 124
106 125
107 124
107 108
107 125
107 126
108 125
109 110
109 127
109 128
110 127
110 111
110 128
110 129
111 128
111 112
111 129
111 130
112 129
112 113
112 130
112 131
113 130
113 114
113 131
113 132
114 131
114 115
114 132
114 133
115 132
115 116
115 133
115 134
116 133
116 117
116 134
116 135
117 134
117 118
117 135
117 136
118 135
118 119
118 136
118 137
119 136
119 120
119 137
119 138
120 137
120 121
120 138
120 139
121 138
121 122
121 139
121 140
122 139
122 123
122 140
122 141
123 140
123 124
123 141
123 142
124 141
124 125
124 142
124 143
125 142
125 126
125 143
125 144
126 143
127 128
127 145
127 146
128 145
128 129
128 146
128 147
129 146
129 130
129 147
129 148
130 147
130 131
130 148
130 149
131 148
131 132
131 149
131 150
132 149
132 133
132 150
132 151
133 150
133 134
133 151
133 152
134 151
134 135
134 152
134 153
135 152
135 136
135 153
135 154
136 153
136 137
136 154
136 155
137 154
137 138
137 155
137 156
138 155
138 139
138 156
138 157
139 156
139 140
139 157
139 158
140 157
140 141
140 158
140 159
141 158
141 142
141 159
141 160
142 159
142 143
142 160
142 161
143 160
143 144
143 161
143 162
144 161
145 146
145 163
145 164
146 163
146 147
146 164
146 165
147 164
147 148
147 165
147 166
148 165
148 149
148 166
148 167
149 166
149 150
149 167
149 168
150 167
150 151
150 168
150 169
151 168
151 152
151 169
151 170
152 169
152 153
152 170
152 171
153 170
153 154
153 171
153 172
154 171
154 155
154 172
154 173
155 172
155 156
155 173
155 174
156 173
156 157
156 174
156 175
157 174
157 158
157 175
157 176
158 175
158 159
158 176
158 177
159 176
159 160
159 177
159 178
160 177
160 161
160 178
160 179
161 178
161 162
161 179
161 180
162 179
163 164
163 181
163 182
164 181
164 165
164 182
164 183
165 182
165 166
165 183
165 184
166 183
166 167
166 184
166 185
167 184
167 168
167 185
167 186
168 185
168 169
168 186
168 187
169 186
169 170
169 187
169 188
170 187
170 171
170 188
170 189
171 188
171 172
171 189
171 190
172 189
172 173
172 190
172 191
173 190
173 174
173 191
173 192
174 191
174 175
174 192
174 193
175 192
175 176
175 193
175 194
176 193
176 177
176 194
176 195
177 194
177 178
177 195
177 196
178 195
178 179
178 196
178 197
179 196
179 180
179 197
179 198
180 197
181 182
181 199
181 200
182 199
182 183
182 200
182 201
183 200
183 184
183 201
183 202
184 201
184 185
184 202
184 203
185 202
185 186
185 203
185 204
186 203
186 187
186 204
186 205
187 204
187 188
187 205
187 206
188 205
188 189
188 206
188 207
189 206
189 190
189 207
189 208
190 207
190 191
190 208
190 209
191 208
191 192
191 209
191 210
192 209
192 193
192 210
192 211
193 210
193 194
193 211
193 212
194 211
194 195
194 212
194 213
195 212
195 196
195 213
195 214
196 213
196 197
196 214
196 215
197 214
197 198
197 215
197 216
198 215
199 200
199 217
199 218
200 217
200 201
200 218
200 219
201 218
201 202
201 219
201 220
202 219
202 203
202 220
202 221
203 220
203 204
203 221
203 222
204 221
204 205
204 222
204 223
205 222
205 206
205 223
205 224
206 223
206 207
206 224
206 225
207 224
207 208
207 225
207 226
208 225
208 209
208 226
208 227
209 226
209 210
209 227
209 228
210 227
210 211
210 228
210 229
211 228
211 212
211 229
211 230
212 229
212 213
212 230
212 231
213 230
213 214
213 231
213 232
214 231
214 215
214 232
214 233
215 232
215 216
215 233
215 234
216 233
217 218
217 235
217 236
218 235
218 219
218 236
218 237
219 236
219 220
219 237
219 238
220 237
220 221
220 238
220 239
221 238
221 222
221 239
221 240
222 239
222 223
222 240
222 241
223 240
223 224
223 241
223 242
224 241
224 225
224 242
224 243
225 242
225 226
225 243
225 244
226 243
226 227
226 244
226 245
227 244
227 228
227 245
227 246
228 245
228 229
228 246
228 247
229 246
229 230
229 247
229 248
230 247
230 231
230 248
230 249
231 248
231 232
231 249
231 250
232 249
232 233
232 250
232 251
233 250
233 234
233 251
233 252
234 251
235 236
235 253
235 254
236 253
236 237
236 254
236 255
237 254
237 238
237 255
237 256
238 255
238 239
238 256
238 257
239 256
239 240
239 257
239 258
240 257
240 241
240 258
240 259
241 258
241 242
241 259
241 260
242 259
242 243
242 260
242 261
243 260
243 244
243 261
243 262
244 261
244 245
244 262
244 263
245 262
245 246
245 263
245 264
246 263
246 247
246 264
246 265
247 264
247 248
247 265
247 266
248 265
248 249
248 266
248 267
249 266
249 250
249 267
249 268
250 267
250 251
250 268
250 269
251 268
251 252
251 269
251 270
252 269
253 254
253 271
253 272
254 271
254 255
254 272
254 273
255 272
255 256
255 273
255 274
256 273
256 257
256 274
256 275
257 274
257 258
257 275
257 276
258 275
258 259
258 276
258 277
259 276
259 260
259 277
259 278
260 277
260 261
260 278
260 279
261 278
261 262
261 279
261 280
262 279
262 263
262 280
262 281
263 280
263 264
263 281
263 282
264 281
264 265
264 282
264 283
265 282
265 266
265 283
265 284
266 283
266 267
266 284
266 285
267 284
267 268
267 285
267 286
268 285
268 269
268 286
268 287
269 286
269 270
269 287
269 288
270 287
271 272
271 289
271 290
272 289
272 273
272 290
272 291
273 290
273 274
273 291
273 292
274 291
274 275
274 292
274 293
275 292
275 276
275 293
275 294
276 293
276 277
276 294
276 295
277 294
277 278
277 295
277 296
278 295
278 279
278 296
278 297
279 296
279 280
279 297
279 298
280 297
280 281
280 298
280 299
281 298
281 282
281 299
281 300
282 299
282 283
282 300
282 301
283 300
283 284
283 301
283 302
284 301
284 285
284 302
284 303
285 302
285 286
285 303
285 304
286 303
286 287
286 304
286 305
287 304
287 288
287 305
287 306
288 305
289 290
289 307
289 308
290 307
290 291
290 308
290 309
291 308
291 292
291 309
291 310
292 309
292 293
292 310
292 311
293 310
293 294
293 311
293 312
294 311
294 295
294 312
294 313
295 312
295 296
295 313
295 314
296 313
296 297
296 314
296 315
297 314
297 298
297 315
297 316
298 315
298 299
298 316
298 317
299 316
299 300
299 317
299 318
300 317
300 301
300 318
300 319
301 318
301 302
301 319
301 320
302 319
302 303
302 320
302 321
303 320
303 304
303 321
303 322
304 321
304 305
304 322
304 323
305 322
305 306
305 323
305 324
306 323
18 36
36 54
54 72
72 90
90 108
108 126
126 144
144 162
162 180
180 198
198 216
216 234
234 252
252 270
270 288
288 306
306 324
307 308
308 309
309 310
310 311
311 312
312 313
313 314
314 315
315 316
316 317
317 318
318 319
319 320
320 321
321 322
322 323
323 324
