7 21
1 2 8
1 3 14
1 4 7
1 5 14
1 6 15
1 7 7
2 3 7
2 4 0
2 5 13
2 6 14
2 7 13
3 4 12
3 5 1
3 6 8
3 7 8
4 5 8
4 6 3
4 7 8
5 6 9
5 7 9
6 7 1
64 210
1 2
1 9
1 10
2 9
2 3
2 10
2 11
3 10
3 4
3 11
3 12
4 11
4 5
4 12
4 13
5 12
5 6
5 13
5 14
6 13
6 7
6 14
6 15
7 14
7 8
7 15
7 16
8 15
9 10
9 17
9 18
10 17
10 11
10 18
10 19
11 18
11 12
11 19
11 20
12 19
12 13
12 20
12 21
13 20
13 14
13 21
13 22
14 21
14 15
14 22
14 23
15 22
15 16
15 23
15 24
16 23
17 18
17 25
17 26
18 25
18 19
18 26
18 27
19 26
19 20
19 27
19 28
20 27
20 21
20 28
20 29
21 28
21 22
21 29
21 30
22 29
22 23
22 30
22 31
23 30
23 24
23 31
23 32
24 31
25 26
25 33
25 34
26 33
26 27
26 34
26 35
27 34
27 28
27 35
27 36
28 35
28 29
28 36
28 37
29 36
29 30
29 37
29 38
30 37
30 31
30 38
30 39
31 38
31 32
31 39
31 40
32 39
33 34
33 41
33 42
34 41
34 35
34 42
34 43
35 42
35 36
35 43
35 44
36 43
36 37
36 44
36 45
37 44
37 38
37 45
37 46
38 45
38 39
38 46
38 47
39 46
39 40
39 47
39 48
40 47
41 42
41 49
41 50
42 49
42 43
42 50
42 51
43 50
43 44
43 51
43 52
44 51
44 45
44 52
44 53
45 52
45 46
45 53
45 54
46 53
46 47
46 54
46 55
47 54
47 48
47 55
47 56
48 55
49 50
49 57
49 58
50 57
50 51
50 58
50 59
51 58
51 52
51 59
51 60
52 59
52 53
52 60
52 61
53 60
53 54
53 61
53 62
54 61
54 55
54 62
54 63
55 62
55 56
55 63
55 64
56 63
8 16
16 24
24 32
32 40
40 48
48 56
56 64
57 58
58 59
59 60
60 61
61 62
62 63
63 64
