113 6328
1 2 14
1 3 0
1 4 0
1 5 1
1 6 7
1 7 3
1 8 1
1 9 5
1 10 1
1 11 11
1 12 0
1 13 2
1 14 9
1 15 11
1 16 2
1 17 10
1 18 11
1 19 6
1 20 10
1 21 2
1 22 14
1 23 5
1 24 1
1 25 1
1 26 6
1 27 7
1 28 6
1 29 10
1 30 1
1 31 14
1 32 0
1 33 15
1 34 1
1 35 13
1 36 12
1 37 7
1 38 5
1 39 3
1 40 5
1 41 13
1 42 8
1 43 5
1 44 4
1 45 9
1 46 6
1 47 4
1 48 2
1 49 15
1 50 0
1 51 14
1 52 15
1 53 8
1 54 9
1 55 11
1 56 4
1 57 2
1 58 11
1 59 5
1 60 4
1 61 13
1 62 12
1 63 13
1 64 7
1 65 14
1 66 13
1 67 9
1 68 0
1 69 9
1 70 7
1 71 11
1 72 2
1 73 15
1 74 4
1 75 4
1 76 7
1 77 1
1 78 10
1 79 3
1 80 12
1 81 6
1 82 1
1 83 4
1 84 7
1 85 8
1 86 3
1 87 13
1 88 4
1 89 15
1 90 7
1 91 3
1 92 10
1 93 3
1 94 5
1 95 5
1 96 0
1 97 6
1 98 0
1 99 7
1 100 4
1 101 15
1 102 4
1 103 6
1 104 9
1 105 10
1 106 13
1 107 3
1 108 6
1 109 10
1 110 6
1 111 10
1 112 6
1 113 7
2 3 14
2 4 14
2 5 15
2 6 3
2 7 15
2 8 15
2 9 2
2 10 13
2 11 12
2 12 3
2 13 15
2 14 9
2 15 12
2 16 7
2 17 6
2 18 4
2 19 9
2 20 6
2 21 12
2 22 5
2 23 9
2 24 2
2 25 6
2 26 15
2 27 4
2 28 10
2 29 11
2 30 7
2 31 1
2 32 4
2 33 0
2 34 1
2 35 7
2 36 14
2 37 3
2 38 0
2 39 0
2 40 4
2 41 5
2 42 8
2 43 3
2 44 14
2 45 10
2 46 12
2 47 0
2 48 0
2 49 4
2 50 12
2 51 7
2 52 11
2 53 12
2 54 6
2 55 13
2 56 10
2 57 9
2 58 7
2 59 14
2 60 9
2 61 14
2 62 7
2 63 9
2 64 2
2 65 0
2 66 14
2 67 14
2 68 12
2 69 10
2 70 2
2 71 13
2 72 13
2 73 5
2 74 7
2 75 14
2 76 4
2 77 9
2 78 0
2 79 15
2 80 3
2 81 11
2 82 1
2 83 11
2 84 5
2 85 4
2 86 5
2 87 11
2 88 9
2 89 3
2 90 8
2 91 15
2 92 7
2 93 0
2 94 14
2 95 10
2 96 14
2 97 2
2 98 4
2 99 5
2 100 0
2 101 2
2 102 9
2 103 12
2 104 6
2 105 14
2 106 6
2 107 6
2 108 12
2 109 7
2 110 2
2 111 7
2 112 9
2 113 15
3 4 11
3 5 3
3 6 2
3 7 14
3 8 8
3 9 5
3 10 5
3 11 15
3 12 7
3 13 2
3 14 4
3 15 15
3 16 6
3 17 12
3 18 5
3 19 7
3 20 0
3 21 9
3 22 2
3 23 15
3 24 3
3 25 6
3 26 7
3 27 3
3 28 7
3 29 6
3 30 0
3 31 12
3 32 1
3 33 0
3 34 2
3 35 4
3 36 9
3 37 2
3 38 2
3 39 9
3 40 3
3 41 12
3 42 7
3 43 5
3 44 12
3 45 9
3 46 1
3 47 15
3 48 10
3 49 13
3 50 8
3 51 11
3 52 4
3 53 10
3 54 0
3 55 6
3 56 0
3 57 14
3 58 14
3 59 10
3 60 5
3 61 2
3 62 3
3 63 8
3 64 0
3 65 6
3 66 11
3 67 15
3 68 2
3 69 1
3 70 11
3 71 14
3 72 13
3 73 5
3 74 14
3 75 9
3 76 13
3 77 3
3 78 15
3 79 11
3 80 13
3 81 6
3 82 14
3 83 5
3 84 3
3 85 7
3 86 2
3 87 7
3 88 0
3 89 9
3 90 6
3 91 8
3 92 3
3 93 0
3 94 2
3 95 13
3 96 1
3 97 11
3 98 15
3 99 11
3 100 8
3 101 11
3 102 5
3 103 0
3 104 3
3 105 1
3 106 1
3 107 3
3 108 13
3 109 8
3 110 2
3 111 1
3 112 13
3 113 10
4 5 6
4 6 5
4 7 7
4 8 4
4 9 15
4 10 4
4 11 9
4 12 2
4 13 4
4 14 11
4 15 6
4 16 3
4 17 7
4 18 0
4 19 5
4 20 2
4 21 8
4 22 6
4 23 13
4 24 14
4 25 7
4 26 13
4 27 11
4 28 7
4 29 6
4 30 6
4 31 1
4 32 2
4 33 7
4 34 4
4 35 8
4 36 10
4 37 10
4 38 4
4 39 15
4 40 6
4 41 2
4 42 8
4 43 9
4 44 13
4 45 2
4 46 3
4 47 11
4 48 0
4 49 12
4 50 15
4 51 2
4 52 2
4 53 7
4 54 0
4 55 0
4 56 15
4 57 1
4 58 5
4 59 12
4 60 9
4 61 1
4 62 1
4 63 9
4 64 1
4 65 14
4 66 3
4 67 13
4 68 2
4 69 0
4 70 5
4 71 11
4 72 2
4 73 0
4 74 7
4 75 8
4 76 0
4 77 7
4 78 7
4 79 3
4 80 7
4 81 6
4 82 0
4 83 3
4 84 3
4 85 15
4 86 2
4 87 3
4 88 10
4 89 9
4 90 14
4 91 1
4 92 12
4 93 4
4 94 9
4 95 8
4 96 5
4 97 10
4 98 12
4 99 4
4 100 7
4 101 1
4 102 14
4 103 4
4 104 12
4 105 12
4 106 10
4 107 8
4 108 11
4 109 15
4 110 4
4 111 15
4 112 7
4 113 6
5 6 0
5 7 1
5 8 2
5 9 1
5 10 12
5 11 15
5 12 5
5 13 6
5 14 6
5 15 12
5 16 15
5 17 15
5 18 4
5 19 2
5 20 1
5 21 0
5 22 12
5 23 14
5 24 3
5 25 4
5 26 11
5 27 5
5 28 11
5 29 3
5 30 15
5 31 4
5 32 10
5 33 4
5 34 14
5 35 13
5 36 2
5 37 15
5 38 3
5 39 13
5 40 6
5 41 1
5 42 3
5 43 12
5 44 5
5 45 11
5 46 15
5 47 7
5 48 3
5 49 4
5 50 2
5 51 11
5 52 10
5 53 5
5 54 1
5 55 2
5 56 5
5 57 6
5 58 11
5 59 13
5 60 12
5 61 12
5 62 5
5 63 10
5 64 0
5 65 3
5 66 11
5 67 6
5 68 1
5 69 1
5 70 8
5 71 2
5 72 15
5 73 4
5 74 15
5 75 6
5 76 14
5 77 5
5 78 5
5 79 11
5 80 0
5 81 1
5 82 4
5 83 13
5 84 8
5 85 13
5 86 1
5 87 6
5 88 0
5 89 12
5 90 13
5 91 1
5 92 8
5 93 14
5 94 8
5 95 10
5 96 7
5 97 8
5 98 10
5 99 14
5 100 5
5 101 0
5 102 0
5 103 11
5 104 13
5 105 2
5 106 8
5 107 8
5 108 3
5 109 2
5 110 5
5 111 5
5 112 10
5 113 1
6 7 15
6 8 0
6 9 11
6 10 3
6 11 3
6 12 13
6 13 5
6 14 9
6 15 15
6 16 8
6 17 0
6 18 13
6 19 8
6 20 12
6 21 1
6 22 8
6 23 11
6 24 0
6 25 4
6 26 10
6 27 5
6 28 8
6 29 1
6 30 12
6 31 10
6 32 11
6 33 15
6 34 14
6 35 6
6 36 5
6 37 0
6 38 10
6 39 6
6 40 3
6 41 10
6 42 1
6 43 6
6 44 12
6 45 12
6 46 4
6 47 4
6 48 3
6 49 3
6 50 14
6 51 14
6 52 5
6 53 0
6 54 13
6 55 1
6 56 4
6 57 15
6 58 6
6 59 9
6 60 1
6 61 5
6 62 11
6 63 12
6 64 10
6 65 10
6 66 8
6 67 12
6 68 15
6 69 0
6 70 12
6 71 8
6 72 4
6 73 12
6 74 7
6 75 12
6 76 5
6 77 13
6 78 11
6 79 15
6 80 5
6 81 6
6 82 2
6 83 0
6 84 4
6 85 15
6 86 15
6 87 1
6 88 3
6 89 13
6 90 15
6 91 13
6 92 9
6 93 0
6 94 8
6 95 3
6 96 5
6 97 9
6 98 0
6 99 13
6 100 8
6 101 6
6 102 14
6 103 3
6 104 9
6 105 13
6 106 3
6 107 12
6 108 13
6 109 7
6 110 13
6 111 12
6 112 8
6 113 11
7 8 4
7 9 15
7 10 4
7 11 9
7 12 9
7 13 14
7 14 14
7 15 12
7 16 5
7 17 14
7 18 5
7 19 11
7 20 10
7 21 14
7 22 8
7 23 13
7 24 12
7 25 9
7 26 4
7 27 9
7 28 2
7 29 5
7 30 0
7 31 2
7 32 11
7 33 7
7 34 5
7 35 12
7 36 14
7 37 9
7 38 13
7 39 9
7 40 9
7 41 15
7 42 8
7 43 11
7 44 5
7 45 7
7 46 6
7 47 10
7 48 12
7 49 11
7 50 6
7 51 8
7 52 11
7 53 8
7 54 2
7 55 5
7 56 4
7 57 13
7 58 8
7 59 12
7 60 3
7 61 7
7 62 5
7 63 6
7 64 4
7 65 2
7 66 9
7 67 6
7 68 11
7 69 14
7 70 9
7 71 4
7 72 3
7 73 11
7 74 15
7 75 1
7 76 0
7 77 0
7 78 4
7 79 5
7 80 6
7 81 15
7 82 13
7 83 11
7 84 0
7 85 7
7 86 0
7 87 15
7 88 0
7 89 0
7 90 15
7 91 12
7 92 11
7 93 5
7 94 3
7 95 1
7 96 9
7 97 14
7 98 2
7 99 4
7 100 10
7 101 13
7 102 0
7 103 8
7 104 14
7 105 6
7 106 12
7 107 14
7 108 10
7 109 14
7 110 15
7 111 2
7 112 5
7 113 2
8 9 15
8 10 15
8 11 3
8 12 10
8 13 9
8 14 8
8 15 0
8 16 9
8 17 15
8 18 5
8 19 5
8 20 3
8 21 0
8 22 13
8 23 14
8 24 10
8 25 12
8 26 9
8 27 6
8 28 12
8 29 12
8 30 1
8 31 8
8 32 15
8 33 1
8 34 10
8 35 7
8 36 11
8 37 0
8 38 3
8 39 13
8 40 14
8 41 8
8 42 0
8 43 2
8 44 5
8 45 7
8 46 11
8 47 13
8 48 1
8 49 7
8 50 8
8 51 7
8 52 0
8 53 5
8 54 12
8 55 6
8 56 14
8 57 9
8 58 15
8 59 9
8 60 1
8 61 8
8 62 15
8 63 12
8 64 4
8 65 15
8 66 7
8 67 6
8 68 5
8 69 5
8 70 14
8 71 8
8 72 11
8 73 4
8 74 7
8 75 1
8 76 8
8 77 7
8 78 11
8 79 14
8 80 0
8 81 14
8 82 15
8 83 5
8 84 2
8 85 2
8 86 5
8 87 10
8 88 7
8 89 1
8 90 6
8 91 5
8 92 13
8 93 12
8 94 12
8 95 6
8 96 8
8 97 2
8 98 10
8 99 12
8 100 11
8 101 5
8 102 8
8 103 3
8 104 4
8 105 13
8 106 9
8 107 10
8 108 13
8 109 6
8 110 9
8 111 2
8 112 7
8 113 7
9 10 2
9 11 9
9 12 12
9 13 11
9 14 4
9 15 10
9 16 2
9 17 8
9 18 14
9 19 7
9 20 15
9 21 7
9 22 7
9 23 4
9 24 15
9 25 2
9 26 13
9 27 13
9 28 2
9 29 9
9 30 3
9 31 8
9 32 1
9 33 0
9 34 1
9 35 4
9 36 2
9 37 15
9 38 7
9 39 4
9 40 2
9 41 10
9 42 14
9 43 15
9 44 9
9 45 3
9 46 15
9 47 8
9 48 14
9 49 7
9 50 4
9 51 7
9 52 7
9 53 3
9 54 11
9 55 7
9 56 15
9 57 6
9 58 4
9 59 1
9 60 14
9 61 5
9 62 5
9 63 15
9 64 10
9 65 13
9 66 12
9 67 7
9 68 0
9 69 9
9 70 3
9 71 7
9 72 4
9 73 7
9 74 12
9 75 8
9 76 12
9 77 13
9 78 3
9 79 9
9 80 0
9 81 15
9 82 7
9 83 8
9 84 12
9 85 6
9 86 15
9 87 3
9 88 14
9 89 4
9 90 1
9 91 5
9 92 9
9 93 3
9 94 7
9 95 0
9 96 11
9 97 10
9 98 1
9 99 2
9 100 1
9 101 2
9 102 3
9 103 2
9 104 2
9 105 10
9 106 4
9 107 7
9 108 15
9 109 2
9 110 9
9 111 0
9 112 13
9 113 14
10 11 13
10 12 12
10 13 13
10 14 8
10 15 7
10 16 6
10 17 2
10 18 6
10 19 13
10 20 10
10 21 6
10 22 10
10 23 9
10 24 15
10 25 2
10 26 1
10 27 9
10 28 1
10 29 1
10 30 12
10 31 4
10 32 14
10 33 5
10 34 7
10 35 7
10 36 11
10 37 4
10 38 2
10 39 1
10 40 14
10 41 15
10 42 12
10 43 9
10 44 1
10 45 13
10 46 8
10 47 15
10 48 0
10 49 4
10 50 15
10 51 15
10 52 12
10 53 5
10 54 6
10 55 7
10 56 14
10 57 11
10 58 13
10 59 2
10 60 12
10 61 0
10 62 11
10 63 3
10 64 12
10 65 4
10 66 15
10 67 2
10 68 15
10 69 1
10 70 2
10 71 0
10 72 8
10 73 1
10 74 13
10 75 14
10 76 1
10 77 14
10 78 4
10 79 11
10 80 13
10 81 7
10 82 15
10 83 7
10 84 13
10 85 0
10 86 3
10 87 3
10 88 11
10 89 3
10 90 9
10 91 0
10 92 12
10 93 15
10 94 15
10 95 8
10 96 11
10 97 1
10 98 6
10 99 14
10 100 6
10 101 5
10 102 7
10 103 14
10 104 9
10 105 7
10 106 14
10 107 6
10 108 2
10 109 10
10 110 13
10 111 12
10 112 5
10 113 5
11 12 13
11 13 7
11 14 15
11 15 5
11 16 9
11 17 15
11 18 13
11 19 6
11 20 14
11 21 14
11 22 13
11 23 10
11 24 11
11 25 8
11 26 0
11 27 5
11 28 15
11 29 0
11 30 2
11 31 3
11 32 0
11 33 10
11 34 4
11 35 12
11 36 2
11 37 13
11 38 13
11 39 14
11 40 5
11 41 1
11 42 7
11 43 14
11 44 3
11 45 6
11 46 12
11 47 6
11 48 7
11 49 1
11 50 12
11 51 5
11 52 13
11 53 6
11 54 15
11 55 14
11 56 9
11 57 10
11 58 10
11 59 6
11 60 9
11 61 5
11 62 15
11 63 2
11 64 4
11 65 9
11 66 0
11 67 9
11 68 12
11 69 14
11 70 5
11 71 6
11 72 10
11 73 8
11 74 6
11 75 9
11 76 8
11 77 13
11 78 3
11 79 2
11 80 3
11 81 3
11 82 2
11 83 6
11 84 9
11 85 12
11 86 9
11 87 7
11 88 8
11 89 4
11 90 2
11 91 3
11 92 3
11 93 10
11 94 8
11 95 2
11 96 11
11 97 13
11 98 2
11 99 0
11 100 14
11 101 5
11 102 1
11 103 13
11 104 6
11 105 5
11 106 6
11 107 8
11 108 7
11 109 1
11 110 7
11 111 0
11 112 15
11 113 7
12 13 3
12 14 12
12 15 12
12 16 8
12 17 9
12 18 1
12 19 0
12 20 1
12 21 4
12 22 3
12 23 15
12 24 8
12 25 10
12 26 13
12 27 4
12 28 6
12 29 1
12 30 9
12 31 10
12 32 9
12 33 0
12 34 11
12 35 1
12 36 14
12 37 1
12 38 10
12 39 1
12 40 6
12 41 11
12 42 14
12 43 15
12 44 4
12 45 4
12 46 6
12 47 13
12 48 11
12 49 7
12 50 5
12 51 14
12 52 14
12 53 15
12 54 10
12 55 10
12 56 12
12 57 7
12 58 15
12 59 6
12 60 5
12 61 0
12 62 11
12 63 8
12 64 1
12 65 7
12 66 3
12 67 1
12 68 1
12 69 12
12 70 8
12 71 10
12 72 15
12 73 5
12 74 12
12 75 12
12 76 7
12 77 1
12 78 3
12 79 0
12 80 10
12 81 4
12 82 6
12 83 11
12 84 4
12 85 11
12 86 15
12 87 10
12 88 15
12 89 2
12 90 1
12 91 0
12 92 8
12 93 7
12 94 7
12 95 11
12 96 8
12 97 3
12 98 9
12 99 8
12 100 2
12 101 13
12 102 9
12 103 1
12 104 0
12 105 4
12 106 13
12 107 15
12 108 9
12 109 7
12 110 3
12 111 3
12 112 3
12 113 9
13 14 9
13 15 5
13 16 4
13 17 10
13 18 0
13 19 14
13 20 14
13 21 10
13 22 1
13 23 10
13 24 11
13 25 1
13 26 2
13 27 12
13 28 11
13 29 7
13 30 8
13 31 9
13 32 7
13 33 13
13 34 11
13 35 12
13 36 14
13 37 13
13 38 10
13 39 10
13 40 4
13 41 14
13 42 13
13 43 11
13 44 2
13 45 12
13 46 0
13 47 2
13 48 9
13 49 6
13 50 14
13 51 10
13 52 14
13 53 15
13 54 9
13 55 3
13 56 8
13 57 3
13 58 0
13 59 5
13 60 5
13 61 13
13 62 7
13 63 5
13 64 7
13 65 4
13 66 3
13 67 9
13 68 5
13 69 10
13 70 15
13 71 15
13 72 8
13 73 10
13 74 7
13 75 0
13 76 8
13 77 3
13 78 13
13 79 2
13 80 1
13 81 1
13 82 4
13 83 15
13 84 10
13 85 7
13 86 0
13 87 4
13 88 0
13 89 10
13 90 13
13 91 4
13 92 14
13 93 15
13 94 7
13 95 2
13 96 9
13 97 10
13 98 2
13 99 10
13 100 11
13 101 3
13 102 13
13 103 6
13 104 7
13 105 9
13 106 5
13 107 4
13 108 0
13 109 15
13 110 2
13 111 15
13 112 7
13 113 13
14 15 10
14 16 4
14 17 0
14 18 6
14 19 8
14 20 8
14 21 6
14 22 15
14 23 0
14 24 1
14 25 11
14 26 6
14 27 7
14 28 10
14 29 11
14 30 3
14 31 6
14 32 7
14 33 7
14 34 15
14 35 11
14 36 5
14 37 5
14 38 7
14 39 12
14 40 3
14 41 3
14 42 14
14 43 8
14 44 10
14 45 2
14 46 5
14 47 6
14 48 5
14 49 5
14 50 11
14 51 14
14 52 6
14 53 5
14 54 14
14 55 11
14 56 10
14 57 0
14 58 11
14 59 9
14 60 10
14 61 13
14 62 2
14 63 5
14 64 12
14 65 2
14 66 10
14 67 7
14 68 3
14 69 4
14 70 0
14 71 2
14 72 4
14 73 4
14 74 9
14 75 5
14 76 6
14 77 2
14 78 9
14 79 13
14 80 7
14 81 5
14 82 3
14 83 4
14 84 11
14 85 5
14 86 11
14 87 4
14 88 15
14 89 5
14 90 4
14 91 6
14 92 13
14 93 3
14 94 7
14 95 8
14 96 6
14 97 11
14 98 11
14 99 11
14 100 5
14 101 2
14 102 15
14 103 2
14 104 4
14 105 9
14 106 8
14 107 0
14 108 5
14 109 7
14 110 9
14 111 14
14 112 14
14 113 0
15 16 1
15 17 6
15 18 13
15 19 2
15 20 6
15 21 4
15 22 12
15 23 7
15 24 9
15 25 2
15 26 3
15 27 7
15 28 8
15 29 9
15 30 15
15 31 12
15 32 10
15 33 5
15 34 12
15 35 3
15 36 13
15 37 6
15 38 15
15 39 8
15 40 14
15 41 6
15 42 2
15 43 8
15 44 14
15 45 15
15 46 8
15 47 0
15 48 0
15 49 0
15 50 13
15 51 15
15 52 7
15 53 15
15 54 12
15 55 7
15 56 11
15 57 8
15 58 7
15 59 8
15 60 2
15 61 12
15 62 8
15 63 5
15 64 5
15 65 15
15 66 3
15 67 5
15 68 5
15 69 4
15 70 4
15 71 13
15 72 6
15 73 12
15 74 7
15 75 10
15 76 14
15 77 6
15 78 9
15 79 11
15 80 10
15 81 3
15 82 0
15 83 5
15 84 6
15 85 15
15 86 11
15 87 8
15 88 1
15 89 11
15 90 4
15 91 10
15 92 14
15 93 7
15 94 6
15 95 0
15 96 10
15 97 2
15 98 10
15 99 7
15 100 8
15 101 8
15 102 9
15 103 0
15 104 12
15 105 1
15 106 12
15 107 8
15 108 15
15 109 11
15 110 6
15 111 13
15 112 2
15 113 2
16 17 10
16 18 0
16 19 5
16 20 3
16 21 11
16 22 14
16 23 8
16 24 8
16 25 5
16 26 5
16 27 2
16 28 4
16 29 11
16 30 4
16 31 6
16 32 4
16 33 0
16 34 3
16 35 5
16 36 13
16 37 8
16 38 1
16 39 11
16 40 15
16 41 1
16 42 13
16 43 11
16 44 2
16 45 9
16 46 0
16 47 10
16 48 13
16 49 8
16 50 12
16 51 1
16 52 14
16 53 10
16 54 14
16 55 1
16 56 15
16 57 7
16 58 5
16 59 2
16 60 12
16 61 0
16 62 6
16 63 10
16 64 1
16 65 9
16 66 7
16 67 7
16 68 13
16 69 7
16 70 15
16 71 15
16 72 7
16 73 7
16 74 1
16 75 9
16 76 2
16 77 14
16 78 14
16 79 11
16 80 14
16 81 3
16 82 0
16 83 3
16 84 8
16 85 9
16 86 0
16 87 2
16 88 13
16 89 10
16 90 15
16 91 2
16 92 4
16 93 11
16 94 15
16 95 7
16 96 14
16 97 13
16 98 12
16 99 12
16 100 10
16 101 4
16 102 1
16 103 11
16 104 3
16 105 0
16 106 7
16 107 2
16 108 9
16 109 3
16 110 9
16 111 5
16 112 7
16 113 15
17 18 4
17 19 12
17 20 14
17 21 5
17 22 6
17 23 6
17 24 10
17 25 0
17 26 10
17 27 1
17 28 7
17 29 10
17 30 11
17 31 2
17 32 12
17 33 1
17 34 12
17 35 2
17 36 7
17 37 7
17 38 3
17 39 3
17 40 5
17 41 12
17 42 4
17 43 10
17 44 4
17 45 4
17 46 6
17 47 8
17 48 1
17 49 11
17 50 0
17 51 1
17 52 12
17 53 12
17 54 8
17 55 14
17 56 2
17 57 5
17 58 15
17 59 8
17 60 10
17 61 15
17 62 12
17 63 11
17 64 9
17 65 5
17 66 13
17 67 10
17 68 5
17 69 6
17 70 7
17 71 4
17 72 4
17 73 9
17 74 2
17 75 5
17 76 9
17 77 2
17 78 2
17 79 7
17 80 0
17 81 0
17 82 5
17 83 11
17 84 1
17 85 15
17 86 3
17 87 6
17 88 12
17 89 10
17 90 6
17 91 9
17 92 0
17 93 6
17 94 8
17 95 3
17 96 10
17 97 6
17 98 4
17 99 9
17 100 12
17 101 5
17 102 3
17 103 7
17 104 3
17 105 5
17 106 12
17 107 12
17 108 2
17 109 13
17 110 12
17 111 2
17 112 9
17 113 9
18 19 15
18 20 13
18 21 4
18 22 7
18 23 11
18 24 10
18 25 6
18 26 9
18 27 3
18 28 15
18 29 12
18 30 11
18 31 8
18 32 15
18 33 6
18 34 13
18 35 1
18 36 7
18 37 2
18 38 10
18 39 14
18 40 1
18 41 5
18 42 11
18 43 4
18 44 11
18 45 10
18 46 12
18 47 11
18 48 7
18 49 3
18 50 2
18 51 3
18 52 13
18 53 15
18 54 11
18 55 9
18 56 9
18 57 1
18 58 15
18 59 8
18 60 12
18 61 10
18 62 1
18 63 0
18 64 1
18 65 11
18 66 7
18 67 11
18 68 11
18 69 4
18 70 11
18 71 10
18 72 5
18 73 9
18 74 10
18 75 8
18 76 14
18 77 15
18 78 11
18 79 11
18 80 7
18 81 11
18 82 9
18 83 0
18 84 4
18 85 0
18 86 4
18 87 0
18 88 12
18 89 13
18 90 11
18 91 5
18 92 2
18 93 8
18 94 11
18 95 13
18 96 7
18 97 0
18 98 6
18 99 5
18 100 3
18 101 5
18 102 1
18 103 9
18 104 7
18 105 11
18 106 8
18 107 12
18 108 14
18 109 13
18 110 1
18 111 3
18 112 13
18 113 1
19 20 0
19 21 9
19 22 14
19 23 10
19 24 4
19 25 5
19 26 4
19 27 6
19 28 15
19 29 15
19 30 6
19 31 11
19 32 11
19 33 8
19 34 10
19 35 15
19 36 5
19 37 7
19 38 2
19 39 7
19 40 13
19 41 0
19 42 1
19 43 2
19 44 6
19 45 7
19 46 11
19 47 13
19 48 8
19 49 14
19 50 14
19 51 10
19 52 9
19 53 2
19 54 14
19 55 3
19 56 5
19 57 8
19 58 0
19 59 15
19 60 1
19 61 11
19 62 2
19 63 3
19 64 3
19 65 12
19 66 11
19 67 15
19 68 12
19 69 11
19 70 14
19 71 2
19 72 12
19 73 11
19 74 15
19 75 5
19 76 11
19 77 0
19 78 1
19 79 5
19 80 8
19 81 2
19 82 7
19 83 14
19 84 0
19 85 15
19 86 14
19 87 10
19 88 2
19 89 3
19 90 14
19 91 15
19 92 4
19 93 4
19 94 15
19 95 5
19 96 13
19 97 1
19 98 10
19 99 15
19 100 14
19 101 2
19 102 8
19 103 4
19 104 10
19 105 11
19 106 11
19 107 5
19 108 14
19 109 6
19 110 15
19 111 8
19 112 11
19 113 11
20 21 15
20 22 4
20 23 0
20 24 12
20 25 6
20 26 11
20 27 10
20 28 9
20 29 12
20 30 13
20 31 11
20 32 10
20 33 12
20 34 15
20 35 8
20 36 1
20 37 12
20 38 5
20 39 1
20 40 3
20 41 15
20 42 8
20 43 7
20 44 5
20 45 5
20 46 6
20 47 14
20 48 8
20 49 10
20 50 15
20 51 12
20 52 10
20 53 10
20 54 9
20 55 10
20 56 12
20 57 8
20 58 7
20 59 12
20 60 1
20 61 3
20 62 14
20 63 11
20 64 10
20 65 15
20 66 8
20 67 14
20 68 13
20 69 14
20 70 2
20 71 2
20 72 14
20 73 13
20 74 12
20 75 1
20 76 6
20 77 1
20 78 2
20 79 14
20 80 1
20 81 11
20 82 8
20 83 4
20 84 4
20 85 9
20 86 4
20 87 3
20 88 1
20 89 8
20 90 9
20 91 3
20 92 8
20 93 14
20 94 14
20 95 9
20 96 13
20 97 14
20 98 0
20 99 6
20 100 15
20 101 7
20 102 11
20 103 7
20 104 12
20 105 9
20 106 3
20 107 6
20 108 9
20 109 6
20 110 1
20 111 7
20 112 3
20 113 14
21 22 9
21 23 8
21 24 10
21 25 12
21 26 7
21 27 10
21 28 6
21 29 13
21 30 11
21 31 10
21 32 9
21 33 1
21 34 1
21 35 0
21 36 3
21 37 0
21 38 13
21 39 11
21 40 10
21 41 12
21 42 11
21 43 10
21 44 3
21 45 6
21 46 14
21 47 9
21 48 9
21 49 3
21 50 12
21 51 13
21 52 14
21 53 2
21 54 8
21 55 6
21 56 10
21 57 11
21 58 1
21 59 2
21 60 8
21 61 14
21 62 2
21 63 6
21 64 15
21 65 0
21 66 12
21 67 4
21 68 10
21 69 14
21 70 8
21 71 6
21 72 9
21 73 4
21 74 1
21 75 15
21 76 13
21 77 15
21 78 4
21 79 15
21 80 11
21 81 10
21 82 8
21 83 10
21 84 0
21 85 4
21 86 5
21 87 15
21 88 4
21 89 6
21 90 6
21 91 7
21 92 12
21 93 11
21 94 6
21 95 2
21 96 5
21 97 13
21 98 11
21 99 15
21 100 5
21 101 0
21 102 12
21 103 11
21 104 11
21 105 8
21 106 4
21 107 10
21 108 8
21 109 15
21 110 0
21 111 13
21 112 15
21 113 14
22 23 15
22 24 7
22 25 8
22 26 4
22 27 10
22 28 3
22 29 7
22 30 3
22 31 5
22 32 13
22 33 9
22 34 15
22 35 9
22 36 13
22 37 9
22 38 2
22 39 3
22 40 5
22 41 3
22 42 6
22 43 11
22 44 2
22 45 9
22 46 8
22 47 8
22 48 10
22 49 15
22 50 10
22 51 15
22 52 9
22 53 15
22 54 14
22 55 0
22 56 10
22 57 8
22 58 0
22 59 9
22 60 11
22 61 3
22 62 15
22 63 2
22 64 8
22 65 15
22 66 1
22 67 0
22 68 15
22 69 7
22 70 10
22 71 3
22 72 0
22 73 4
22 74 1
22 75 9
22 76 10
22 77 4
22 78 2
22 79 13
22 80 6
22 81 13
22 82 2
22 83 2
22 84 15
22 85 15
22 86 7
22 87 7
22 88 11
22 89 4
22 90 6
22 91 1
22 92 0
22 93 8
22 94 3
22 95 11
22 96 12
22 97 4
22 98 12
22 99 10
22 100 0
22 101 7
22 102 11
22 103 11
22 104 7
22 105 9
22 106 11
22 107 7
22 108 9
22 109 15
22 110 10
22 111 8
22 112 2
22 113 2
23 24 11
23 25 8
23 26 2
23 27 6
23 28 8
23 29 8
23 30 10
23 31 9
23 32 15
23 33 14
23 34 14
23 35 2
23 36 15
23 37 11
23 38 2
23 39 2
23 40 8
23 41 10
23 42 11
23 43 15
23 44 11
23 45 15
23 46 1
23 47 5
23 48 8
23 49 8
23 50 11
23 51 12
23 52 7
23 53 1
23 54 7
23 55 1
23 56 15
23 57 15
23 58 13
23 59 1
23 60 3
23 61 8
23 62 7
23 63 4
23 64 8
23 65 10
23 66 3
23 67 5
23 68 10
23 69 13
23 70 1
23 71 7
23 72 14
23 73 7
23 74 8
23 75 7
23 76 15
23 77 12
23 78 15
23 79 11
23 80 6
23 81 4
23 82 10
23 83 0
23 84 5
23 85 14
23 86 7
23 87 11
23 88 9
23 89 14
23 90 8
23 91 9
23 92 15
23 93 0
23 94 7
23 95 14
23 96 9
23 97 13
23 98 9
23 99 6
23 100 15
23 101 3
23 102 6
23 103 14
23 104 12
23 105 0
23 106 7
23 107 10
23 108 8
23 109 9
23 110 4
23 111 3
23 112 14
23 113 10
24 25 0
24 26 11
24 27 8
24 28 4
24 29 2
24 30 8
24 31 13
24 32 5
24 33 11
24 34 3
24 35 10
24 36 6
24 37 11
24 38 10
24 39 7
24 40 8
24 41 12
24 42 11
24 43 2
24 44 1
24 45 15
24 46 8
24 47 7
24 48 8
24 49 11
24 50 7
24 51 11
24 52 3
24 53 0
24 54 10
24 55 1
24 56 9
24 57 5
24 58 10
24 59 14
24 60 7
24 61 5
24 62 3
24 63 15
24 64 1
24 65 14
24 66 0
24 67 2
24 68 15
24 69 3
24 70 6
24 71 14
24 72 9
24 73 7
24 74 14
24 75 0
24 76 8
24 77 4
24 78 5
24 79 5
24 80 5
24 81 14
24 82 0
24 83 10
24 84 11
24 85 7
24 86 7
24 87 11
24 88 0
24 89 3
24 90 5
24 91 7
24 92 1
24 93 4
24 94 12
24 95 11
24 96 3
24 97 5
24 98 1
24 99 14
24 100 3
24 101 10
24 102 11
24 103 4
24 104 13
24 105 3
24 106 11
24 107 11
24 108 12
24 109 0
24 110 15
24 111 5
24 112 2
24 113 9
25 26 13
25 27 15
25 28 14
25 29 12
25 30 8
25 31 8
25 32 8
25 33 7
25 34 6
25 35 0
25 36 4
25 37 6
25 38 10
25 39 1
25 40 6
25 41 5
25 42 9
25 43 0
25 44 6
25 45 12
25 46 5
25 47 9
25 48 1
25 49 2
25 50 0
25 51 10
25 52 11
25 53 1
25 54 0
25 55 13
25 56 1
25 57 0
25 58 15
25 59 10
25 60 15
25 61 1
25 62 5
25 63 5
25 64 9
25 65 6
25 66 6
25 67 8
25 68 3
25 69 2
25 70 9
25 71 13
25 72 7
25 73 7
25 74 12
25 75 7
25 76 8
25 77 5
25 78 11
25 79 6
25 80 11
25 81 7
25 82 7
25 83 4
25 84 6
25 85 6
25 86 1
25 87 5
25 88 11
25 89 0
25 90 8
25 91 2
25 92 9
25 93 13
25 94 7
25 95 5
25 96 2
25 97 13
25 98 5
25 99 0
25 100 0
25 101 1
25 102 15
25 103 4
25 104 5
25 105 0
25 106 8
25 107 11
25 108 13
25 109 11
25 110 15
25 111 0
25 112 3
25 113 7
26 27 2
26 28 8
26 29 0
26 30 12
26 31 11
26 32 13
26 33 9
26 34 11
26 35 2
26 36 1
26 37 13
26 38 10
26 39 2
26 40 4
26 41 1
26 42 15
26 43 2
26 44 14
26 45 3
26 46 10
26 47 8
26 48 3
26 49 9
26 50 7
26 51 13
26 52 7
26 53 0
26 54 1
26 55 0
26 56 2
26 57 15
26 58 3
26 59 0
26 60 10
26 61 4
26 62 7
26 63 12
26 64 0
26 65 13
26 66 12
26 67 13
26 68 6
26 69 11
26 70 12
26 71 1
26 72 13
26 73 4
26 74 4
26 75 8
26 76 9
26 77 8
26 78 0
26 79 12
26 80 14
26 81 1
26 82 8
26 83 10
26 84 9
26 85 13
26 86 14
26 87 3
26 88 3
26 89 9
26 90 13
26 91 6
26 92 5
26 93 7
26 94 14
26 95 15
26 96 11
26 97 0
26 98 12
26 99 6
26 100 11
26 101 13
26 102 0
26 103 4
26 104 4
26 105 5
26 106 6
26 107 3
26 108 2
26 109 13
26 110 8
26 111 5
26 112 7
26 113 3
27 28 13
27 29 8
27 30 15
27 31 0
27 32 6
27 33 8
27 34 10
27 35 10
27 36 1
27 37 8
27 38 1
27 39 4
27 40 11
27 41 11
27 42 10
27 43 9
27 44 6
27 45 4
27 46 12
27 47 12
27 48 2
27 49 9
27 50 11
27 51 0
27 52 5
27 53 13
27 54 7
27 55 10
27 56 12
27 57 0
27 58 6
27 59 3
27 60 13
27 61 9
27 62 1
27 63 1
27 64 11
27 65 3
27 66 2
27 67 5
27 68 6
27 69 1
27 70 12
27 71 8
27 72 11
27 73 7
27 74 15
27 75 1
27 76 3
27 77 7
27 78 8
27 79 6
27 80 3
27 81 0
27 82 8
27 83 5
27 84 1
27 85 12
27 86 2
27 87 8
27 88 11
27 89 6
27 90 7
27 91 9
27 92 10
27 93 4
27 94 13
27 95 9
27 96 1
27 97 15
27 98 12
27 99 11
27 100 0
27 101 4
27 102 3
27 103 15
27 104 5
27 105 12
27 106 0
27 107 3
27 108 7
27 109 5
27 110 7
27 111 8
27 112 8
27 113 2
28 29 14
28 30 14
28 31 0
28 32 4
28 33 3
28 34 0
28 35 0
28 36 5
28 37 11
28 38 1
28 39 7
28 40 9
28 41 13
28 42 5
28 43 15
28 44 13
28 45 3
28 46 8
28 47 8
28 48 14
28 49 11
28 50 2
28 51 13
28 52 13
28 53 11
28 54 14
28 55 9
28 56 11
28 57 15
28 58 4
28 59 9
28 60 1
28 61 0
28 62 4
28 63 13
28 64 4
28 65 9
28 66 12
28 67 0
28 68 6
28 69 3
28 70 5
28 71 14
28 72 0
28 73 9
28 74 0
28 75 10
28 76 6
28 77 8
28 78 8
28 79 9
28 80 5
28 81 7
28 82 9
28 83 9
28 84 9
28 85 9
28 86 3
28 87 4
28 88 11
28 89 0
28 90 8
28 91 1
28 92 3
28 93 7
28 94 10
28 95 6
28 96 13
28 97 9
28 98 10
28 99 6
28 100 15
28 101 6
28 102 6
28 103 4
28 104 2
28 105 10
28 106 4
28 107 5
28 108 1
28 109 2
28 110 8
28 111 2
28 112 7
28 113 12
29 30 1
29 31 4
29 32 12
29 33 15
29 34 11
29 35 2
29 36 1
29 37 1
29 38 3
29 39 15
29 40 5
29 41 7
29 42 0
29 43 9
29 44 10
29 45 5
29 46 11
29 47 10
29 48 10
29 49 2
29 50 12
29 51 2
29 52 11
29 53 4
29 54 13
29 55 13
29 56 13
29 57 14
29 58 14
29 59 0
29 60 15
29 61 7
29 62 8
29 63 7
29 64 4
29 65 11
29 66 15
29 67 13
29 68 11
29 69 12
29 70 12
29 71 0
29 72 11
29 73 7
29 74 10
29 75 9
29 76 4
29 77 15
29 78 1
29 79 10
29 80 3
29 81 7
29 82 3
29 83 15
29 84 8
29 85 15
29 86 5
29 87 5
29 88 15
29 89 8
29 90 8
29 91 6
29 92 14
29 93 5
29 94 14
29 95 13
29 96 14
29 97 15
29 98 15
29 99 13
29 100 12
29 101 13
29 102 3
29 103 3
29 104 7
29 105 6
29 106 10
29 107 14
29 108 9
29 109 1
29 110 6
29 111 4
29 112 4
29 113 13
30 31 7
30 32 10
30 33 8
30 34 13
30 35 5
30 36 13
30 37 2
30 38 12
30 39 12
30 40 8
30 41 14
30 42 10
30 43 13
30 44 0
30 45 3
30 46 14
30 47 8
30 48 11
30 49 8
30 50 5
30 51 3
30 52 3
30 53 12
30 54 5
30 55 9
30 56 8
30 57 7
30 58 5
30 59 14
30 60 11
30 61 12
30 62 12
30 63 9
30 64 4
30 65 15
30 66 6
30 67 2
30 68 8
30 69 0
30 70 3
30 71 6
30 72 11
30 73 9
30 74 2
30 75 2
30 76 13
30 77 5
30 78 0
30 79 12
30 80 7
30 81 1
30 82 4
30 83 14
30 84 2
30 85 3
30 86 1
30 87 5
30 88 7
30 89 6
30 90 9
30 91 14
30 92 11
30 93 1
30 94 12
30 95 4
30 96 0
30 97 8
30 98 10
30 99 5
30 100 1
30 101 3
30 102 8
30 103 7
30 104 9
30 105 10
30 106 3
30 107 13
30 108 1
30 109 0
30 110 3
30 111 11
30 112 0
30 113 3
31 32 14
31 33 4
31 34 9
31 35 6
31 36 3
31 37 15
31 38 2
31 39 11
31 40 9
31 41 8
31 42 15
31 43 6
31 44 12
31 45 8
31 46 12
31 47 14
31 48 0
31 49 12
31 50 9
31 51 15
31 52 13
31 53 4
31 54 2
31 55 6
31 56 4
31 57 4
31 58 3
31 59 0
31 60 13
31 61 14
31 62 1
31 63 6
31 64 9
31 65 13
31 66 11
31 67 4
31 68 9
31 69 1
31 70 13
31 71 13
31 72 5
31 73 10
31 74 8
31 75 12
31 76 11
31 77 8
31 78 5
31 79 8
31 80 8
31 81 1
31 82 2
31 83 11
31 84 3
31 85 14
31 86 6
31 87 14
31 88 0
31 89 15
31 90 3
31 91 4
31 92 14
31 93 4
31 94 0
31 95 3
31 96 10
31 97 2
31 98 13
31 99 10
31 100 9
31 101 13
31 102 5
31 103 0
31 104 10
31 105 2
31 106 7
31 107 15
31 108 13
31 109 1
31 110 0
31 111 4
31 112 13
31 113 6
32 33 3
32 34 9
32 35 6
32 36 15
32 37 5
32 38 3
32 39 0
32 40 2
32 41 0
32 42 14
32 43 4
32 44 1
32 45 13
32 46 3
32 47 0
32 48 5
32 49 10
32 50 7
32 51 13
32 52 0
32 53 2
32 54 8
32 55 5
32 56 6
32 57 6
32 58 13
32 59 9
32 60 14
32 61 7
32 62 3
32 63 7
32 64 14
32 65 12
32 66 12
32 67 11
32 68 13
32 69 6
32 70 11
32 71 5
32 72 3
32 73 15
32 74 14
32 75 0
32 76 0
32 77 3
32 78 8
32 79 1
32 80 11
32 81 4
32 82 4
32 83 2
32 84 0
32 85 1
32 86 3
32 87 10
32 88 3
32 89 1
32 90 0
32 91 15
32 92 14
32 93 5
32 94 8
32 95 4
32 96 2
32 97 8
32 98 10
32 99 6
32 100 4
32 101 2
32 102 9
32 103 10
32 104 10
32 105 8
32 106 14
32 107 15
32 108 2
32 109 2
32 110 8
32 111 10
32 112 14
32 113 10
33 34 1
33 35 7
33 36 13
33 37 1
33 38 6
33 39 10
33 40 12
33 41 10
33 42 9
33 43 12
33 44 10
33 45 8
33 46 3
33 47 12
33 48 10
33 49 5
33 50 0
33 51 3
33 52 9
33 53 11
33 54 2
33 55 0
33 56 5
33 57 12
33 58 11
33 59 5
33 60 5
33 61 9
33 62 0
33 63 2
33 64 1
33 65 5
33 66 6
33 67 0
33 68 5
33 69 10
33 70 10
33 71 9
33 72 15
33 73 14
33 74 1
33 75 8
33 76 13
33 77 4
33 78 7
33 79 10
33 80 2
33 81 7
33 82 11
33 83 6
33 84 6
33 85 13
33 86 4
33 87 5
33 88 14
33 89 6
33 90 6
33 91 6
33 92 1
33 93 5
33 94 3
33 95 14
33 96 13
33 97 2
33 98 2
33 99 11
33 100 0
33 101 15
33 102 12
33 103 4
33 104 14
33 105 6
33 106 0
33 107 0
33 108 13
33 109 5
33 110 8
33 111 7
33 112 4
33 113 13
34 35 13
34 36 13
34 37 1
34 38 9
34 39 12
34 40 14
34 41 5
34 42 0
34 43 10
34 44 10
34 45 0
34 46 0
34 47 7
34 48 14
34 49 8
34 50 4
34 51 2
34 52 3
34 53 10
34 54 0
34 55 3
34 56 3
34 57 9
34 58 9
34 59 3
34 60 12
34 61 11
34 62 3
34 63 6
34 64 2
34 65 8
34 66 1
34 67 7
34 68 9
34 69 1
34 70 14
34 71 7
34 72 1
34 73 0
34 74 5
34 75 3
34 76 7
34 77 7
34 78 12
34 79 12
34 80 13
34 81 3
34 82 8
34 83 9
34 84 5
34 85 11
34 86 7
34 87 7
34 88 12
34 89 15
34 90 1
34 91 12
34 92 10
34 93 11
34 94 13
34 95 5
34 96 0
34 97 11
34 98 13
34 99 12
34 100 13
34 101 4
34 102 3
34 103 12
34 104 7
34 105 13
34 106 2
34 107 15
34 108 12
34 109 1
34 110 2
34 111 2
34 112 12
34 113 0
35 36 13
35 37 7
35 38 4
35 39 12
35 40 8
35 41 8
35 42 7
35 43 0
35 44 8
35 45 2
35 46 4
35 47 6
35 48 10
35 49 3
35 50 14
35 51 10
35 52 10
35 53 2
35 54 5
35 55 8
35 56 2
35 57 10
35 58 6
35 59 12
35 60 12
35 61 13
35 62 2
35 63 3
35 64 2
35 65 8
35 66 1
35 67 0
35 68 3
35 69 7
35 70 1
35 71 0
35 72 2
35 73 2
35 74 15
35 75 3
35 76 15
35 77 1
35 78 0
35 79 13
35 80 4
35 81 5
35 82 12
35 83 9
35 84 12
35 85 11
35 86 9
35 87 5
35 88 6
35 89 12
35 90 8
35 91 10
35 92 8
35 93 13
35 94 12
35 95 12
35 96 2
35 97 8
35 98 4
35 99 12
35 100 12
35 101 11
35 102 6
35 103 13
35 104 11
35 105 14
35 106 12
35 107 0
35 108 10
35 109 12
35 110 8
35 111 0
35 112 4
35 113 7
36 37 14
36 38 13
36 39 8
36 40 2
36 41 4
36 42 14
36 43 3
36 44 15
36 45 8
36 46 9
36 47 6
36 48 5
36 49 1
36 50 3
36 51 9
36 52 13
36 53 9
36 54 14
36 55 5
36 56 11
36 57 7
36 58 9
36 59 0
36 60 12
36 61 2
36 62 15
36 63 0
36 64 12
36 65 9
36 66 15
36 67 5
36 68 13
36 69 5
36 70 12
36 71 7
36 72 10
36 73 9
36 74 3
36 75 15
36 76 12
36 77 8
36 78 3
36 79 7
36 80 4
36 81 5
36 82 13
36 83 13
36 84 10
36 85 4
36 86 11
36 87 5
36 88 11
36 89 5
36 90 1
36 91 1
36 92 9
36 93 1
36 94 0
36 95 11
36 96 15
36 97 12
36 98 4
36 99 4
36 100 6
36 101 5
36 102 5
36 103 6
36 104 5
36 105 8
36 106 2
36 107 10
36 108 3
36 109 3
36 110 8
36 111 1
36 112 0
36 113 6
37 38 5
37 39 4
37 40 4
37 41 0
37 42 11
37 43 4
37 44 1
37 45 5
37 46 2
37 47 0
37 48 5
37 49 10
37 50 4
37 51 8
37 52 6
37 53 12
37 54 4
37 55 0
37 56 9
37 57 10
37 58 10
37 59 2
37 60 2
37 61 15
37 62 3
37 63 10
37 64 12
37 65 3
37 66 12
37 67 11
37 68 12
37 69 8
37 70 9
37 71 12
37 72 6
37 73 12
37 74 9
37 75 5
37 76 8
37 77 4
37 78 8
37 79 3
37 80 1
37 81 9
37 82 6
37 83 8
37 84 12
37 85 11
37 86 7
37 87 10
37 88 12
37 89 10
37 90 10
37 91 4
37 92 7
37 93 8
37 94 9
37 95 3
37 96 5
37 97 3
37 98 0
37 99 14
37 100 4
37 101 3
37 102 9
37 103 0
37 104 2
37 105 11
37 106 2
37 107 8
37 108 6
37 109 4
37 110 7
37 111 14
37 112 10
37 113 2
38 39 12
38 40 2
38 41 14
38 42 2
38 43 13
38 44 3
38 45 13
38 46 12
38 47 2
38 48 9
38 49 12
38 50 3
38 51 11
38 52 3
38 53 6
38 54 13
38 55 1
38 56 13
38 57 12
38 58 3
38 59 4
38 60 7
38 61 12
38 62 13
38 63 10
38 64 13
38 65 14
38 66 5
38 67 4
38 68 3
38 69 3
38 70 4
38 71 7
38 72 10
38 73 1
38 74 6
38 75 10
38 76 14
38 77 13
38 78 3
38 79 2
38 80 8
38 81 6
38 82 0
38 83 0
38 84 4
38 85 14
38 86 15
38 87 15
38 88 3
38 89 11
38 90 13
38 91 2
38 92 15
38 93 11
38 94 5
38 95 10
38 96 15
38 97 11
38 98 3
38 99 6
38 100 14
38 101 11
38 102 9
38 103 15
38 104 8
38 105 2
38 106 5
38 107 2
38 108 13
38 109 6
38 110 12
38 111 14
38 112 12
38 113 12
39 40 9
39 41 3
39 42 7
39 43 9
39 44 11
39 45 10
39 46 0
39 47 11
39 48 1
39 49 8
39 50 7
39 51 3
39 52 5
39 53 8
39 54 14
39 55 7
39 56 1
39 57 8
39 58 12
39 59 15
39 60 8
39 61 13
39 62 15
39 63 12
39 64 13
39 65 4
39 66 8
39 67 6
39 68 3
39 69 2
39 70 1
39 71 13
39 72 15
39 73 5
39 74 5
39 75 0
39 76 15
39 77 14
39 78 7
39 79 12
39 80 11
39 81 11
39 82 7
39 83 5
39 84 7
39 85 6
39 86 11
39 87 10
39 88 13
39 89 13
39 90 14
39 91 5
39 92 3
39 93 14
39 94 12
39 95 1
39 96 7
39 97 5
39 98 15
39 99 0
39 100 3
39 101 13
39 102 12
39 103 11
39 104 4
39 105 4
39 106 3
39 107 4
39 108 9
39 109 4
39 110 9
39 111 14
39 112 2
39 113 11
40 41 9
40 42 2
40 43 14
40 44 4
40 45 3
40 46 4
40 47 9
40 48 7
40 49 9
40 50 12
40 51 11
40 52 8
40 53 15
40 54 4
40 55 6
40 56 11
40 57 0
40 58 5
40 59 3
40 60 14
40 61 8
40 62 4
40 63 6
40 64 2
40 65 3
40 66 8
40 67 12
40 68 10
40 69 10
40 70 11
40 71 7
40 72 3
40 73 11
40 74 6
40 75 7
40 76 4
40 77 10
40 78 0
40 79 3
40 80 3
40 81 1
40 82 6
40 83 3
40 84 7
40 85 3
40 86 4
40 87 15
40 88 15
40 89 5
40 90 1
40 91 6
40 92 0
40 93 14
40 94 13
40 95 13
40 96 7
40 97 11
40 98 6
40 99 8
40 100 5
40 101 13
40 102 2
40 103 2
40 104 10
40 105 0
40 106 1
40 107 8
40 108 6
40 109 7
40 110 13
40 111 10
40 112 15
40 113 3
41 42 3
41 43 9
41 44 1
41 45 7
41 46 12
41 47 3
41 48 3
41 49 4
41 50 13
41 51 2
41 52 10
41 53 13
41 54 4
41 55 12
41 56 7
41 57 6
41 58 3
41 59 15
41 60 9
41 61 7
41 62 0
41 63 10
41 64 4
41 65 3
41 66 14
41 67 5
41 68 3
41 69 5
41 70 5
41 71 10
41 72 7
41 73 12
41 74 11
41 75 3
41 76 0
41 77 8
41 78 8
41 79 15
41 80 3
41 81 14
41 82 14
41 83 12
41 84 3
41 85 12
41 86 15
41 87 5
41 88 0
41 89 1
41 90 9
41 91 10
41 92 13
41 93 5
41 94 15
41 95 7
41 96 4
41 97 15
41 98 14
41 99 6
41 100 0
41 101 8
41 102 8
41 103 13
41 104 6
41 105 2
41 106 1
41 107 14
41 108 8
41 109 10
41 110 15
41 111 5
41 112 15
41 113 9
42 43 5
42 44 3
42 45 7
42 46 4
42 47 15
42 48 7
42 49 12
42 50 5
42 51 10
42 52 14
42 53 2
42 54 0
42 55 1
42 56 2
42 57 6
42 58 9
42 59 15
42 60 7
42 61 7
42 62 12
42 63 6
42 64 13
42 65 9
42 66 3
42 67 3
42 68 9
42 69 3
42 70 7
42 71 14
42 72 14
42 73 8
42 74 8
42 75 9
42 76 9
42 77 3
42 78 15
42 79 9
42 80 11
42 81 0
42 82 8
42 83 1
42 84 4
42 85 7
42 86 14
42 87 5
42 88 5
42 89 3
42 90 0
42 91 10
42 92 2
42 93 5
42 94 4
42 95 3
42 96 15
42 97 15
42 98 15
42 99 12
42 100 9
42 101 1
42 102 8
42 103 3
42 104 2
42 105 6
42 106 3
42 107 6
42 108 1
42 109 14
42 110 9
42 111 2
42 112 14
42 113 7
43 44 6
43 45 14
43 46 0
43 47 8
43 48 3
43 49 7
43 50 9
43 51 11
43 52 14
43 53 7
43 54 7
43 55 9
43 56 10
43 57 13
43 58 5
43 59 3
43 60 7
43 61 12
43 62 15
43 63 2
43 64 4
43 65 15
43 66 0
43 67 9
43 68 7
43 69 10
43 70 15
43 71 8
43 72 15
43 73 4
43 74 4
43 75 15
43 76 5
43 77 8
43 78 5
43 79 4
43 80 8
43 81 8
43 82 13
43 83 13
43 84 2
43 85 3
43 86 8
43 87 3
43 88 8
43 89 8
43 90 7
43 91 1
43 92 13
43 93 0
43 94 3
43 95 13
43 96 0
43 97 3
43 98 11
43 99 11
43 100 1
43 101 10
43 102 10
43 103 6
43 104 2
43 105 4
43 106 10
43 107 6
43 108 4
43 109 11
43 110 5
43 111 3
43 112 1
43 113 8
44 45 3
44 46 15
44 47 5
44 48 1
44 49 8
44 50 15
44 51 6
44 52 12
44 53 12
44 54 5
44 55 3
44 56 14
44 57 0
44 58 14
44 59 3
44 60 12
44 61 6
44 62 0
44 63 6
44 64 8
44 65 12
44 66 5
44 67 14
44 68 14
44 69 9
44 70 8
44 71 7
44 72 8
44 73 10
44 74 2
44 75 4
44 76 14
44 77 9
44 78 9
44 79 14
44 80 11
44 81 6
44 82 3
44 83 6
44 84 2
44 85 7
44 86 7
44 87 1
44 88 6
44 89 15
44 90 0
44 91 8
44 92 6
44 93 11
44 94 5
44 95 7
44 96 11
44 97 6
44 98 14
44 99 14
44 100 8
44 101 10
44 102 11
44 103 14
44 104 9
44 105 9
44 106 0
44 107 12
44 108 6
44 109 2
44 110 4
44 111 9
44 112 0
44 113 4
45 46 13
45 47 5
45 48 8
45 49 15
45 50 3
45 51 9
45 52 5
45 53 12
45 54 15
45 55 7
45 56 13
45 57 9
45 58 10
45 59 5
45 60 4
45 61 9
45 62 5
45 63 1
45 64 13
45 65 0
45 66 1
45 67 5
45 68 10
45 69 6
45 70 12
45 71 9
45 72 8
45 73 7
45 74 6
45 75 2
45 76 8
45 77 11
45 78 12
45 79 4
45 80 15
45 81 6
45 82 1
45 83 14
45 84 6
45 85 1
45 86 14
45 87 4
45 88 12
45 89 4
45 90 3
45 91 10
45 92 6
45 93 13
45 94 7
45 95 6
45 96 0
45 97 0
45 98 10
45 99 13
45 100 14
45 101 5
45 102 14
45 103 7
45 104 13
45 105 1
45 106 6
45 107 12
45 108 4
45 109 15
45 110 12
45 111 15
45 112 11
45 113 10
46 47 8
46 48 12
46 49 1
46 50 12
46 51 2
46 52 12
46 53 10
46 54 9
46 55 3
46 56 0
46 57 10
46 58 12
46 59 4
46 60 7
46 61 10
46 62 6
46 63 7
46 64 6
46 65 0
46 66 1
46 67 9
46 68 1
46 69 15
46 70 4
46 71 11
46 72 15
46 73 7
46 74 2
46 75 14
46 76 2
46 77 0
46 78 4
46 79 3
46 80 2
46 81 3
46 82 8
46 83 8
46 84 4
46 85 15
46 86 7
46 87 5
46 88 14
46 89 2
46 90 6
46 91 4
46 92 1
46 93 4
46 94 6
46 95 3
46 96 10
46 97 9
46 98 10
46 99 4
46 100 13
46 101 13
46 102 2
46 103 8
46 104 7
46 105 15
46 106 5
46 107 3
46 108 11
46 109 2
46 110 8
46 111 1
46 112 0
46 113 15
47 48 10
47 49 14
47 50 12
47 51 5
47 52 15
47 53 11
47 54 10
47 55 10
47 56 0
47 57 8
47 58 9
47 59 14
47 60 14
47 61 15
47 62 1
47 63 2
47 64 12
47 65 6
47 66 10
47 67 14
47 68 1
47 69 11
47 70 15
47 71 2
47 72 13
47 73 11
47 74 0
47 75 5
47 76 5
47 77 2
47 78 3
47 79 7
47 80 11
47 81 9
47 82 5
47 83 3
47 84 12
47 85 7
47 86 11
47 87 14
47 88 13
47 89 0
47 90 1
47 91 10
47 92 5
47 93 10
47 94 1
47 95 11
47 96 5
47 97 10
47 98 7
47 99 13
47 100 12
47 101 15
47 102 15
47 103 9
47 104 2
47 105 3
47 106 1
47 107 1
47 108 2
47 109 5
47 110 4
47 111 10
47 112 6
47 113 15
48 49 8
48 50 9
48 51 7
48 52 12
48 53 11
48 54 10
48 55 3
48 56 0
48 57 1
48 58 5
48 59 14
48 60 14
48 61 11
48 62 15
48 63 2
48 64 1
48 65 13
48 66 12
48 67 6
48 68 10
48 69 7
48 70 3
48 71 10
48 72 2
48 73 9
48 74 1
48 75 1
48 76 3
48 77 14
48 78 1
48 79 7
48 80 11
48 81 4
48 82 5
48 83 9
48 84 13
48 85 11
48 86 10
48 87 4
48 88 11
48 89 14
48 90 15
48 91 10
48 92 0
48 93 2
48 94 8
48 95 11
48 96 4
48 97 9
48 98 5
48 99 14
48 100 14
48 101 13
48 102 12
48 103 6
48 104 8
48 105 2
48 106 0
48 107 1
48 108 8
48 109 1
48 110 14
48 111 9
48 112 11
48 113 5
49 50 4
49 51 4
49 52 7
49 53 15
49 54 10
49 55 7
49 56 6
49 57 14
49 58 15
49 59 13
49 60 4
49 61 4
49 62 15
49 63 13
49 64 11
49 65 14
49 66 6
49 67 13
49 68 12
49 69 1
49 70 9
49 71 15
49 72 5
49 73 1
49 74 6
49 75 6
49 76 5
49 77 6
49 78 15
49 79 12
49 80 6
49 81 14
49 82 5
49 83 15
49 84 15
49 85 12
49 86 9
49 87 4
49 88 9
49 89 4
49 90 4
49 91 6
49 92 6
49 93 2
49 94 15
49 95 11
49 96 0
49 97 7
49 98 8
49 99 13
49 100 2
49 101 15
49 102 12
49 103 14
49 104 8
49 105 11
49 106 9
49 107 13
49 108 1
49 109 10
49 110 12
49 111 6
49 112 14
49 113 4
50 51 6
50 52 8
50 53 2
50 54 8
50 55 6
50 56 1
50 57 3
50 58 2
50 59 13
50 60 9
50 61 12
50 62 7
50 63 6
50 64 11
50 65 15
50 66 0
50 67 2
50 68 6
50 69 0
50 70 2
50 71 9
50 72 13
50 73 2
50 74 12
50 75 3
50 76 3
50 77 5
50 78 10
50 79 11
50 80 1
50 81 10
50 82 13
50 83 5
50 84 13
50 85 6
50 86 7
50 87 5
50 88 15
50 89 5
50 90 4
50 91 0
50 92 0
50 93 12
50 94 7
50 95 0
50 96 15
50 97 7
50 98 7
50 99 13
50 100 5
50 101 14
50 102 3
50 103 13
50 104 5
50 105 8
50 106 7
50 107 13
50 108 14
50 109 3
50 110 7
50 111 13
50 112 4
50 113 2
51 52 14
51 53 0
51 54 1
51 55 9
51 56 11
51 57 11
51 58 7
51 59 15
51 60 6
51 61 3
51 62 4
51 63 5
51 64 4
51 65 11
51 66 5
51 67 9
51 68 12
51 69 9
51 70 13
51 71 4
51 72 11
51 73 14
51 74 12
51 75 12
51 76 9
51 77 5
51 78 1
51 79 4
51 80 6
51 81 15
51 82 8
51 83 1
51 84 3
51 85 2
51 86 5
51 87 2
51 88 2
51 89 11
51 90 14
51 91 5
51 92 7
51 93 15
51 94 4
51 95 11
51 96 3
51 97 6
51 98 2
51 99 1
51 100 6
51 101 13
51 102 1
51 103 2
51 104 5
51 105 8
51 106 14
51 107 10
51 108 15
51 109 2
51 110 9
51 111 7
51 112 3
51 113 10
52 53 0
52 54 9
52 55 13
52 56 8
52 57 10
52 58 0
52 59 4
52 60 7
52 61 7
52 62 7
52 63 0
52 64 12
52 65 8
52 66 8
52 67 6
52 68 6
52 69 5
52 70 4
52 71 12
52 72 0
52 73 15
52 74 9
52 75 5
52 76 6
52 77 11
52 78 12
52 79 15
52 80 15
52 81 4
52 82 13
52 83 6
52 84 15
52 85 5
52 86 3
52 87 4
52 88 9
52 89 7
52 90 12
52 91 5
52 92 14
52 93 1
52 94 0
52 95 5
52 96 7
52 97 1
52 98 14
52 99 2
52 100 13
52 101 2
52 102 3
52 103 3
52 104 15
52 105 3
52 106 8
52 107 3
52 108 8
52 109 14
52 110 15
52 111 10
52 112 11
52 113 13
53 54 2
53 55 2
53 56 13
53 57 11
53 58 4
53 59 3
53 60 14
53 61 15
53 62 6
53 63 4
53 64 8
53 65 10
53 66 14
53 67 2
53 68 5
53 69 0
53 70 1
53 71 12
53 72 11
53 73 4
53 74 15
53 75 0
53 76 5
53 77 13
53 78 2
53 79 7
53 80 2
53 81 0
53 82 1
53 83 1
53 84 13
53 85 4
53 86 6
53 87 0
53 88 3
53 89 12
53 90 10
53 91 0
53 92 8
53 93 11
53 94 10
53 95 7
53 96 2
53 97 6
53 98 10
53 99 15
53 100 11
53 101 10
53 102 10
53 103 13
53 104 4
53 105 5
53 106 0
53 107 14
53 108 8
53 109 13
53 110 13
53 111 10
53 112 14
53 113 12
54 55 4
54 56 9
54 57 1
54 58 3
54 59 3
54 60 6
54 61 2
54 62 14
54 63 2
54 64 12
54 65 4
54 66 14
54 67 0
54 68 11
54 69 6
54 70 8
54 71 2
54 72 11
54 73 1
54 74 6
54 75 3
54 76 3
54 77 9
54 78 6
54 79 6
54 80 1
54 81 7
54 82 4
54 83 6
54 84 15
54 85 11
54 86 15
54 87 3
54 88 5
54 89 1
54 90 2
54 91 9
54 92 0
54 93 5
54 94 0
54 95 8
54 96 14
54 97 10
54 98 14
54 99 3
54 100 1
54 101 5
54 102 4
54 103 9
54 104 9
54 105 14
54 106 6
54 107 0
54 108 14
54 109 2
54 110 1
54 111 1
54 112 11
54 113 12
55 56 1
55 57 12
55 58 9
55 59 9
55 60 13
55 61 4
55 62 14
55 63 11
55 64 15
55 65 9
55 66 13
55 67 11
55 68 0
55 69 8
55 70 0
55 71 5
55 72 9
55 73 10
55 74 12
55 75 2
55 76 10
55 77 15
55 78 13
55 79 14
55 80 1
55 81 9
55 82 8
55 83 2
55 84 1
55 85 8
55 86 6
55 87 0
55 88 11
55 89 10
55 90 1
55 91 3
55 92 5
55 93 3
55 94 4
55 95 3
55 96 5
55 97 8
55 98 9
55 99 12
55 100 13
55 101 15
55 102 13
55 103 11
55 104 15
55 105 10
55 106 15
55 107 3
55 108 8
55 109 8
55 110 9
55 111 8
55 112 8
55 113 8
56 57 13
56 58 12
56 59 13
56 60 7
56 61 5
56 62 13
56 63 2
56 64 11
56 65 15
56 66 3
56 67 12
56 68 15
56 69 6
56 70 3
56 71 13
56 72 7
56 73 5
56 74 7
56 75 12
56 76 10
56 77 2
56 78 11
56 79 3
56 80 0
56 81 9
56 82 12
56 83 4
56 84 4
56 85 12
56 86 3
56 87 10
56 88 0
56 89 1
56 90 10
56 91 5
56 92 0
56 93 12
56 94 10
56 95 1
56 96 14
56 97 3
56 98 2
56 99 13
56 100 8
56 101 15
56 102 14
56 103 1
56 104 8
56 105 13
56 106 8
56 107 9
56 108 2
56 109 11
56 110 6
56 111 10
56 112 6
56 113 15
57 58 2
57 59 7
57 60 6
57 61 10
57 62 0
57 63 9
57 64 6
57 65 8
57 66 13
57 67 12
57 68 2
57 69 11
57 70 9
57 71 4
57 72 8
57 73 15
57 74 13
57 75 10
57 76 14
57 77 5
57 78 8
57 79 11
57 80 2
57 81 8
57 82 3
57 83 6
57 84 1
57 85 1
57 86 15
57 87 11
57 88 5
57 89 15
57 90 6
57 91 5
57 92 4
57 93 7
57 94 8
57 95 11
57 96 5
57 97 5
57 98 11
57 99 5
57 100 8
57 101 1
57 102 7
57 103 7
57 104 9
57 105 4
57 106 5
57 107 13
57 108 7
57 109 1
57 110 6
57 111 6
57 112 1
57 113 3
58 59 11
58 60 11
58 61 15
58 62 6
58 63 15
58 64 13
58 65 14
58 66 15
58 67 9
58 68 6
58 69 12
58 70 1
58 71 14
58 72 6
58 73 7
58 74 12
58 75 4
58 76 7
58 77 4
58 78 2
58 79 12
58 80 8
58 81 8
58 82 13
58 83 13
58 84 8
58 85 8
58 86 7
58 87 4
58 88 14
58 89 6
58 90 7
58 91 15
58 92 6
58 93 10
58 94 0
58 95 6
58 96 15
58 97 5
58 98 7
58 99 11
58 100 1
58 101 4
58 102 2
58 103 4
58 104 11
58 105 2
58 106 4
58 107 14
58 108 2
58 109 4
58 110 7
58 111 9
58 112 5
58 113 12
59 60 15
59 61 4
59 62 10
59 63 13
59 64 8
59 65 10
59 66 11
59 67 5
59 68 6
59 69 14
59 70 10
59 71 3
59 72 11
59 73 10
59 74 11
59 75 3
59 76 8
59 77 4
59 78 10
59 79 10
59 80 11
59 81 7
59 82 8
59 83 4
59 84 10
59 85 13
59 86 4
59 87 10
59 88 10
59 89 11
59 90 5
59 91 10
59 92 15
59 93 2
59 94 8
59 95 7
59 96 7
59 97 11
59 98 7
59 99 7
59 100 4
59 101 5
59 102 2
59 103 14
59 104 15
59 105 0
59 106 5
59 107 5
59 108 3
59 109 10
59 110 9
59 111 15
59 112 10
59 113 3
60 61 9
60 62 12
60 63 8
60 64 5
60 65 15
60 66 3
60 67 13
60 68 8
60 69 6
60 70 7
60 71 7
60 72 0
60 73 10
60 74 8
60 75 9
60 76 6
60 77 5
60 78 13
60 79 1
60 80 8
60 81 2
60 82 3
60 83 14
60 84 12
60 85 12
60 86 7
60 87 15
60 88 15
60 89 15
60 90 2
60 91 15
60 92 14
60 93 7
60 94 1
60 95 10
60 96 13
60 97 15
60 98 14
60 99 7
60 100 10
60 101 1
60 102 1
60 103 15
60 104 1
60 105 8
60 106 0
60 107 12
60 108 15
60 109 0
60 110 8
60 111 11
60 112 9
60 113 11
61 62 11
61 63 12
61 64 2
61 65 9
61 66 8
61 67 3
61 68 7
61 69 3
61 70 0
61 71 0
61 72 14
61 73 15
61 74 6
61 75 1
61 76 0
61 77 13
61 78 2
61 79 0
61 80 9
61 81 6
61 82 12
61 83 10
61 84 13
61 85 7
61 86 10
61 87 6
61 88 8
61 89 14
61 90 13
61 91 6
61 92 0
61 93 15
61 94 3
61 95 7
61 96 14
61 97 11
61 98 11
61 99 11
61 100 12
61 101 2
61 102 0
61 103 8
61 104 15
61 105 3
61 106 13
61 107 0
61 108 1
61 109 1
61 110 7
61 111 13
61 112 14
61 113 5
62 63 2
62 64 9
62 65 6
62 66 7
62 67 3
62 68 1
62 69 11
62 70 11
62 71 11
62 72 13
62 73 15
62 74 6
62 75 4
62 76 11
62 77 12
62 78 9
62 79 10
62 80 11
62 81 3
62 82 13
62 83 11
62 84 13
62 85 11
62 86 15
62 87 13
62 88 6
62 89 2
62 90 6
62 91 6
62 92 15
62 93 4
62 94 1
62 95 5
62 96 7
62 97 1
62 98 11
62 99 15
62 100 12
62 101 8
62 102 12
62 103 5
62 104 0
62 105 3
62 106 4
62 107 1
62 108 7
62 109 12
62 110 5
62 111 14
62 112 13
62 113 8
63 64 5
63 65 5
63 66 5
63 67 1
63 68 3
63 69 6
63 70 6
63 71 11
63 72 7
63 73 15
63 74 8
63 75 9
63 76 12
63 77 1
63 78 0
63 79 9
63 80 13
63 81 11
63 82 12
63 83 9
63 84 15
63 85 14
63 86 12
63 87 4
63 88 14
63 89 2
63 90 14
63 91 11
63 92 1
63 93 4
63 94 7
63 95 1
63 96 0
63 97 6
63 98 10
63 99 2
63 100 1
63 101 0
63 102 5
63 103 7
63 104 10
63 105 2
63 106 11
63 107 1
63 108 2
63 109 14
63 110 0
63 111 7
63 112 6
63 113 6
64 65 8
64 66 8
64 67 9
64 68 11
64 69 13
64 70 15
64 71 11
64 72 14
64 73 4
64 74 15
64 75 9
64 76 0
64 77 11
64 78 6
64 79 14
64 80 3
64 81 10
64 82 15
64 83 6
64 84 4
64 85 15
64 86 11
64 87 13
64 88 3
64 89 12
64 90 11
64 91 14
64 92 8
64 93 12
64 94 11
64 95 13
64 96 0
64 97 14
64 98 10
64 99 0
64 100 14
64 101 11
64 102 6
64 103 13
64 104 4
64 105 6
64 106 0
64 107 10
64 108 10
64 109 5
64 110 15
64 111 6
64 112 10
64 113 12
65 66 7
65 67 3
65 68 9
65 69 4
65 70 1
65 71 13
65 72 13
65 73 1
65 74 12
65 75 1
65 76 3
65 77 0
65 78 13
65 79 14
65 80 9
65 81 10
65 82 13
65 83 14
65 84 1
65 85 7
65 86 7
65 87 1
65 88 1
65 89 6
65 90 5
65 91 8
65 92 5
65 93 15
65 94 6
65 95 12
65 96 3
65 97 5
65 98 14
65 99 12
65 100 11
65 101 6
65 102 3
65 103 11
65 104 12
65 105 13
65 106 10
65 107 4
65 108 5
65 109 15
65 110 4
65 111 0
65 112 5
65 113 13
66 67 9
66 68 3
66 69 7
66 70 3
66 71 6
66 72 5
66 73 12
66 74 7
66 75 4
66 76 15
66 77 7
66 78 7
66 79 6
66 80 0
66 81 11
66 82 11
66 83 9
66 84 2
66 85 11
66 86 2
66 87 14
66 88 8
66 89 7
66 90 7
66 91 11
66 92 12
66 93 9
66 94 11
66 95 11
66 96 12
66 97 9
66 98 6
66 99 9
66 100 10
66 101 3
66 102 2
66 103 15
66 104 7
66 105 14
66 106 6
66 107 12
66 108 14
66 109 10
66 110 4
66 111 5
66 112 5
66 113 13
67 68 8
67 69 8
67 70 10
67 71 5
67 72 15
67 73 11
67 74 12
67 75 3
67 76 15
67 77 14
67 78 4
67 79 11
67 80 8
67 81 5
67 82 12
67 83 11
67 84 10
67 85 6
67 86 7
67 87 10
67 88 0
67 89 12
67 90 2
67 91 8
67 92 2
67 93 15
67 94 2
67 95 2
67 96 3
67 97 4
67 98 11
67 99 4
67 100 9
67 101 4
67 102 10
67 103 10
67 104 13
67 105 2
67 106 5
67 107 10
67 108 12
67 109 10
67 110 3
67 111 8
67 112 4
67 113 8
68 69 1
68 70 5
68 71 2
68 72 6
68 73 9
68 74 6
68 75 3
68 76 13
68 77 13
68 78 13
68 79 13
68 80 11
68 81 1
68 82 9
68 83 14
68 84 3
68 85 12
68 86 13
68 87 1
68 88 13
68 89 15
68 90 8
68 91 8
68 92 0
68 93 13
68 94 5
68 95 4
68 96 9
68 97 3
68 98 5
68 99 8
68 100 6
68 101 12
68 102 10
68 103 15
68 104 4
68 105 9
68 106 10
68 107 3
68 108 15
68 109 5
68 110 2
68 111 4
68 112 1
68 113 0
69 70 2
69 71 6
69 72 15
69 73 9
69 74 9
69 75 13
69 76 13
69 77 9
69 78 5
69 79 5
69 80 7
69 81 0
69 82 14
69 83 10
69 84 1
69 85 15
69 86 6
69 87 11
69 88 4
69 89 4
69 90 3
69 91 9
69 92 6
69 93 8
69 94 12
69 95 4
69 96 14
69 97 10
69 98 8
69 99 13
69 100 9
69 101 11
69 102 3
69 103 12
69 104 8
69 105 9
69 106 5
69 107 3
69 108 0
69 109 2
69 110 3
69 111 10
69 112 8
69 113 2
70 71 11
70 72 12
70 73 8
70 74 2
70 75 5
70 76 0
70 77 13
70 78 3
70 79 8
70 80 6
70 81 10
70 82 10
70 83 7
70 84 13
70 85 13
70 86 5
70 87 9
70 88 7
70 89 9
70 90 8
70 91 9
70 92 13
70 93 11
70 94 9
70 95 2
70 96 7
70 97 3
70 98 0
70 99 4
70 100 0
70 101 13
70 102 9
70 103 5
70 104 9
70 105 5
70 106 6
70 107 4
70 108 0
70 109 14
70 110 9
70 111 1
70 112 6
70 113 2
71 72 5
71 73 13
71 74 0
71 75 13
71 76 7
71 77 12
71 78 1
71 79 5
71 80 4
71 81 7
71 82 11
71 83 5
71 84 8
71 85 13
71 86 2
71 87 11
71 88 10
71 89 8
71 90 7
71 91 15
71 92 6
71 93 0
71 94 2
71 95 9
71 96 2
71 97 4
71 98 0
71 99 5
71 100 11
71 101 7
71 102 3
71 103 10
71 104 12
71 105 15
71 106 11
71 107 2
71 108 3
71 109 6
71 110 4
71 111 1
71 112 4
71 113 2
72 73 14
72 74 3
72 75 5
72 76 13
72 77 1
72 78 10
72 79 2
72 80 1
72 81 0
72 82 7
72 83 8
72 84 3
72 85 11
72 86 8
72 87 10
72 88 14
72 89 1
72 90 8
72 91 1
72 92 5
72 93 5
72 94 3
72 95 6
72 96 1
72 97 7
72 98 5
72 99 6
72 100 5
72 101 1
72 102 14
72 103 13
72 104 8
72 105 12
72 106 11
72 107 15
72 108 15
72 109 6
72 110 7
72 111 11
72 112 11
72 113 3
73 74 15
73 75 15
73 76 4
73 77 4
73 78 1
73 79 4
73 80 1
73 81 3
73 82 14
73 83 13
73 84 10
73 85 0
73 86 2
73 87 11
73 88 5
73 89 7
73 90 7
73 91 6
73 92 5
73 93 1
73 94 0
73 95 3
73 96 8
73 97 0
73 98 3
73 99 13
73 100 7
73 101 13
73 102 11
73 103 15
73 104 5
73 105 5
73 106 0
73 107 11
73 108 13
73 109 8
73 110 8
73 111 2
73 112 3
73 113 0
74 75 12
74 76 15
74 77 2
74 78 0
74 79 8
74 80 14
74 81 6
74 82 13
74 83 1
74 84 13
74 85 11
74 86 10
74 87 11
74 88 5
74 89 2
74 90 5
74 91 14
74 92 7
74 93 12
74 94 13
74 95 14
74 96 1
74 97 7
74 98 2
74 99 15
74 100 5
74 101 14
74 102 9
74 103 6
74 104 4
74 105 14
74 106 10
74 107 8
74 108 3
74 109 7
74 110 7
74 111 11
74 112 5
74 113 3
75 76 2
75 77 5
75 78 10
75 79 3
75 80 8
75 81 0
75 82 4
75 83 14
75 84 0
75 85 10
75 86 5
75 87 11
75 88 4
75 89 11
75 90 11
75 91 7
75 92 9
75 93 3
75 94 5
75 95 9
75 96 14
75 97 13
75 98 4
75 99 14
75 100 8
75 101 12
75 102 11
75 103 12
75 104 2
75 105 14
75 106 15
75 107 4
75 108 7
75 109 9
75 110 4
75 111 4
75 112 4
75 113 3
76 77 10
76 78 8
76 79 8
76 80 10
76 81 1
76 82 8
76 83 8
76 84 2
76 85 11
76 86 1
76 87 2
76 88 7
76 89 9
76 90 12
76 91 10
76 92 5
76 93 2
76 94 12
76 95 14
76 96 12
76 97 12
76 98 9
76 99 2
76 100 13
76 101 7
76 102 4
76 103 11
76 104 5
76 105 15
76 106 0
76 107 15
76 108 12
76 109 12
76 110 8
76 111 11
76 112 8
76 113 15
77 78 13
77 79 0
77 80 15
77 81 1
77 82 13
77 83 13
77 84 6
77 85 2
77 86 9
77 87 13
77 88 4
77 89 15
77 90 6
77 91 9
77 92 6
77 93 8
77 94 2
77 95 14
77 96 3
77 97 13
77 98 3
77 99 14
77 100 14
77 101 5
77 102 7
77 103 9
77 104 11
77 105 3
77 106 1
77 107 4
77 108 10
77 109 11
77 110 14
77 111 12
77 112 7
77 113 8
78 79 10
78 80 11
78 81 15
78 82 13
78 83 9
78 84 9
78 85 4
78 86 14
78 87 15
78 88 13
78 89 9
78 90 9
78 91 10
78 92 6
78 93 0
78 94 0
78 95 12
78 96 5
78 97 2
78 98 6
78 99 13
78 100 15
78 101 1
78 102 4
78 103 1
78 104 12
78 105 1
78 106 3
78 107 13
78 108 11
78 109 0
78 110 7
78 111 12
78 112 12
78 113 0
79 80 8
79 81 1
79 82 7
79 83 7
79 84 14
79 85 11
79 86 0
79 87 3
79 88 8
79 89 14
79 90 6
79 91 10
79 92 10
79 93 7
79 94 1
79 95 3
79 96 14
79 97 15
79 98 10
79 99 4
79 100 8
79 101 0
79 102 12
79 103 15
79 104 4
79 105 2
79 106 12
79 107 5
79 108 9
79 109 9
79 110 9
79 111 7
79 112 9
79 113 12
80 81 15
80 82 1
80 83 2
80 84 13
80 85 2
80 86 2
80 87 13
80 88 5
80 89 1
80 90 0
80 91 1
80 92 5
80 93 8
80 94 9
80 95 3
80 96 13
80 97 14
80 98 9
80 99 8
80 100 8
80 101 6
80 102 9
80 103 6
80 104 5
80 105 13
80 106 13
80 107 12
80 108 0
80 109 10
80 110 14
80 111 1
80 112 2
80 113 4
81 82 4
81 83 12
81 84 10
81 85 10
81 86 12
81 87 4
81 88 6
81 89 5
81 90 0
81 91 0
81 92 9
81 93 0
81 94 11
81 95 7
81 96 14
81 97 11
81 98 10
81 99 14
81 100 0
81 101 8
81 102 1
81 103 13
81 104 1
81 105 6
81 106 1
81 107 15
81 108 12
81 109 14
81 110 5
81 111 3
81 112 7
81 113 9
82 83 0
82 84 15
82 85 14
82 86 4
82 87 11
82 88 11
82 89 9
82 90 7
82 91 9
82 92 11
82 93 9
82 94 3
82 95 6
82 96 4
82 97 14
82 98 7
82 99 7
82 100 12
82 101 11
82 102 4
82 103 6
82 104 14
82 105 12
82 106 14
82 107 14
82 108 8
82 109 12
82 110 0
82 111 11
82 112 0
82 113 1
83 84 14
83 85 0
83 86 10
83 87 7
83 88 14
83 89 11
83 90 14
83 91 3
83 92 10
83 93 5
83 94 12
83 95 8
83 96 6
83 97 13
83 98 14
83 99 8
83 100 0
83 101 10
83 102 2
83 103 11
83 104 4
83 105 3
83 106 7
83 107 7
83 108 13
83 109 10
83 110 4
83 111 5
83 112 11
83 113 11
84 85 6
84 86 4
84 87 3
84 88 0
84 89 9
84 90 3
84 91 1
84 92 4
84 93 12
84 94 4
84 95 6
84 96 14
84 97 7
84 98 7
84 99 10
84 100 12
84 101 2
84 102 14
84 103 1
84 104 11
84 105 2
84 106 8
84 107 8
84 108 3
84 109 9
84 110 3
84 111 0
84 112 14
84 113 6
85 86 7
85 87 1
85 88 15
85 89 11
85 90 8
85 91 2
85 92 4
85 93 7
85 94 11
85 95 11
85 96 1
85 97 10
85 98 8
85 99 4
85 100 13
85 101 3
85 102 4
85 103 0
85 104 4
85 105 5
85 106 9
85 107 14
85 108 3
85 109 7
85 110 14
85 111 3
85 112 11
85 113 7
86 87 6
86 88 11
86 89 10
86 90 15
86 91 0
86 92 3
86 93 3
86 94 9
86 95 14
86 96 6
86 97 2
86 98 11
86 99 12
86 100 7
86 101 3
86 102 2
86 103 14
86 104 9
86 105 0
86 106 14
86 107 6
86 108 1
86 109 5
86 110 15
86 111 9
86 112 9
86 113 12
87 88 6
87 89 14
87 90 12
87 91 14
87 92 13
87 93 9
87 94 12
87 95 4
87 96 2
87 97 13
87 98 13
87 99 0
87 100 3
87 101 12
87 102 14
87 103 13
87 104 8
87 105 8
87 106 13
87 107 1
87 108 12
87 109 14
87 110 12
87 111 15
87 112 10
87 113 7
88 89 5
88 90 13
88 91 4
88 92 0
88 93 12
88 94 14
88 95 1
88 96 6
88 97 15
88 98 12
88 99 9
88 100 8
88 101 8
88 102 11
88 103 7
88 104 5
88 105 1
88 106 15
88 107 5
88 108 11
88 109 10
88 110 4
88 111 13
88 112 2
88 113 7
89 90 11
89 91 6
89 92 10
89 93 6
89 94 4
89 95 1
89 96 1
89 97 3
89 98 8
89 99 15
89 100 13
89 101 10
89 102 11
89 103 8
89 104 0
89 105 12
89 106 14
89 107 3
89 108 12
89 109 13
89 110 7
89 111 0
89 112 15
89 113 13
90 91 4
90 92 11
90 93 5
90 94 5
90 95 13
90 96 15
90 97 0
90 98 2
90 99 4
90 100 7
90 101 13
90 102 13
90 103 8
90 104 15
90 105 2
90 106 0
90 107 7
90 108 8
90 109 8
90 110 3
90 111 6
90 112 0
90 113 5
91 92 9
91 93 5
91 94 0
91 95 6
91 96 15
91 97 6
91 98 8
91 99 14
91 100 0
91 101 13
91 102 14
91 103 9
91 104 13
91 105 12
91 106 14
91 107 2
91 108 10
91 109 15
91 110 0
91 111 5
91 112 2
91 113 10
92 93 1
92 94 2
92 95 6
92 96 9
92 97 4
92 98 13
92 99 0
92 100 11
92 101 6
92 102 8
92 103 10
92 104 12
92 105 7
92 106 12
92 107 11
92 108 12
92 109 5
92 110 6
92 111 5
92 112 2
92 113 5
93 94 5
93 95 9
93 96 1
93 97 1
93 98 1
93 99 0
93 100 14
93 101 5
93 102 10
93 103 1
93 104 12
93 105 14
93 106 8
93 107 9
93 108 6
93 109 13
93 110 4
93 111 5
93 112 11
93 113 9
94 95 3
94 96 8
94 97 12
94 98 2
94 99 5
94 100 12
94 101 8
94 102 9
94 103 15
94 104 10
94 105 0
94 106 7
94 107 1
94 108 10
94 109 2
94 110 15
94 111 12
94 112 10
94 113 8
95 96 11
95 97 6
95 98 11
95 99 4
95 100 10
95 101 0
95 102 0
95 103 12
95 104 10
95 105 0
95 106 2
95 107 3
95 108 10
95 109 14
95 110 5
95 111 7
95 112 6
95 113 1
96 97 9
96 98 11
96 99 2
96 100 6
96 101 14
96 102 6
96 103 13
96 104 8
96 105 8
96 106 1
96 107 0
96 108 12
96 109 6
96 110 7
96 111 10
96 112 9
96 113 12
97 98 2
97 99 1
97 100 15
97 101 7
97 102 9
97 103 2
97 104 14
97 105 15
97 106 5
97 107 14
97 108 2
97 109 9
97 110 2
97 111 4
97 112 7
97 113 11
98 99 8
98 100 2
98 101 9
98 102 15
98 103 8
98 104 5
98 105 14
98 106 1
98 107 8
98 108 7
98 109 0
98 110 4
98 111 3
98 112 10
98 113 6
99 100 1
99 101 4
99 102 10
99 103 3
99 104 1
99 105 14
99 106 1
99 107 5
99 108 3
99 109 3
99 110 12
99 111 10
99 112 4
99 113 12
100 101 15
100 102 15
100 103 6
100 104 7
100 105 13
100 106 2
100 107 0
100 108 1
100 109 13
100 110 4
100 111 7
100 112 4
100 113 4
101 102 10
101 103 13
101 104 15
101 105 14
101 106 7
101 107 12
101 108 3
101 109 11
101 110 0
101 111 2
101 112 3
101 113 1
102 103 9
102 104 0
102 105 5
102 106 13
102 107 6
102 108 0
102 109 3
102 110 3
102 111 1
102 112 0
102 113 2
103 104 10
103 105 7
103 106 11
103 107 10
103 108 8
103 109 9
103 110 9
103 111 4
103 112 2
103 113 5
104 105 4
104 106 1
104 107 5
104 108 1
104 109 4
104 110 3
104 111 1
104 112 4
104 113 13
105 106 12
105 107 3
105 108 4
105 109 15
105 110 8
105 111 3
105 112 2
105 113 11
106 107 8
106 108 12
106 109 14
106 110 8
106 111 15
106 112 2
106 113 14
107 108 12
107 109 12
107 110 7
107 111 10
107 112 15
107 113 15
108 109 1
108 110 4
108 111 6
108 112 6
108 113 12
109 110 2
109 111 1
109 112 12
109 113 5
110 111 13
110 112 6
110 113 0
111 112 15
111 113 1
112 113 5
324 1190
1 2
1 19
1 20
2 19
2 3
2 20
2 21
3 20
3 4
3 21
3 22
4 21
4 5
4 22
4 23
5 22
5 6
5 23
5 24
6 23
6 7
6 24
6 25
7 24
7 8
7 25
7 26
8 25
8 9
8 26
8 27
9 26
9 10
9 27
9 28
10 27
10 11
10 28
10 29
11 28
11 12
11 29
11 30
12 29
12 13
12 30
12 31
13 30
13 14
13 31
13 32
14 31
14 15
14 32
14 33
15 32
15 16
15 33
15 34
16 33
16 17
16 34
16 35
17 34
17 18
17 35
17 36
18 35
19 20
19 37
19 38
20 37
20 21
20 38
20 39
21 38
21 22
21 39
21 40
22 39
22 23
22 40
22 41
23 40
23 24
23 41
23 42
24 41
24 25
24 42
24 43
25 42
25 26
25 43
25 44
26 43
26 27
26 44
26 45
27 44
27 28
27 45
27 46
28 45
28 29
28 46
28 47
29 46
29 30
29 47
29 48
30 47
30 31
30 48
30 49
31 48
31 32
31 49
31 50
32 49
32 33
32 50
32 51
33 50
33 34
33 51
33 52
34 51
34 35
34 52
34 53
35 52
35 36
35 53
35 54
36 53
37 38
37 55
37 56
38 55
38 39
38 56
38 57
39 56
39 40
39 57
39 58
40 57
40 41
40 58
40 59
41 58
41 42
41 59
41 60
42 59
42 43
42 60
42 61
43 60
43 44
43 61
43 62
44 61
44 45
44 62
44 63
45 62
45 46
45 63
45 64
46 63
46 47
46 64
46 65
47 64
47 48
47 65
47 66
48 65
48 49
48 66
48 67
49 66
49 50
49 67
49 68
50 67
50 51
50 68
50 69
51 68
51 52
51 69
51 70
52 69
52 53
52 70
52 71
53 70
53 54
53 71
53 72
54 71
55 56
55 73
55 74
56 73
56 57
56 74
56 75
57 74
57 58
57 75
57 76
58 75
58 59
58 76
58 77
59 76
59 60
59 77
59 78
60 77
60 61
60 78
60 79
61 78
61 62
61 79
61 80
62 79
62 63
62 80
62 81
63 80
63 64
63 81
63 82
64 81
64 65
64 82
64 83
65 82
65 66
65 83
65 84
66 83
66 67
66 84
66 85
67 84
67 68
67 85
67 86
68 85
68 69
68 86
68 87
69 86
69 70
69 87
69 88
70 87
70 71
70 88
70 89
71 88
71 72
71 89
71 90
72 89
73 74
73 91
73 92
74 91
74 75
74 92
74 93
75 92
75 76
75 93
75 94
76 93
76 77
76 94
76 95
77 94
77 78
77 95
77 96
78 95
78 79
78 96
78 97
79 96
79 80
79 97
79 98
80 97
80 81
80 98
80 99
81 98
81 82
81 99
81 100
82 99
82 83
82 100
82 101
83 100
83 84
83 101
83 102
84 101
84 85
84 102
84 103
85 102
85 86
85 103
85 104
86 103
86 87
86 104
86 105
87 104
87 88
87 105
87 106
88 105
88 89
88 106
88 107
89 106
89 90
89 107
89 108
90 107
91 92
91 109
91 110
92 109
92 93
92 110
92 111
93 110
93 94
93 111
93 112
94 111
94 95
94 112
94 113
95 112
95 96
95 113
95 114
96 113
96 97
96 114
96 115
97 114
97 98
97 115
97 116
98 115
98 99
98 116
98 117
99 116
99 100
99 117
99 118
100 117
100 101
100 118
100 119
101 118
101 102
101 119
101 120
102 119
102 103
102 120
102 121
103 120
103 104
103 121
103 122
104 121
104 105
104 122
104 123
105 122
105 106
105 123
105 124
106 123
106 107
106 124
106 125
107 124
107 108
107 125
107 126
108 125
109 110
109 127
109 128
110 127
110 111
110 128
110 129
111 128
111 112
111 129
111 130
112 129
112 113
112 130
112 131
113 130
113 114
113 131
113 132
114 131
114 115
114 132
114 133
115 132
115 116
115 133
115 134
116 133
116 117
116 134
116 135
117 134
117 118
117 135
117 136
118 135
118 119
118 136
118 137
119 136
119 120
119 137
119 138
120 137
120 121
120 138
120 139
121 138
121 122
121 139
121 140
122 139
122 123
122 140
122 141
123 140
123 124
123 141
123 142
124 141
124 125
124 142
124 143
125 142
125 126
125 143
125 144
126 143
127 128
127 145
127 146
128 145
128 129
128 146
128 147
129 146
129 130
129 147
129 148
130 147
130 131
130 148
130 149
131 148
131 132
131 149
131 150
132 149
132 133
132 150
132 151
133 150
133 134
133 151
133 152
134 151
134 135
134 152
134 153
135 152
135 136
135 153
135 154
136 153
136 137
136 154
136 155
137 154
137 138
137 155
137 156
138 155
138 139
138 156
138 157
139 156
139 140
139 157
139 158
140 157
140 141
140 158
140 159
141 158
141 142
141 159
141 160
142 159
142 143
142 160
142 161
143 160
143 144
143 161
143 162
144 161
145 146
145 163
145 164
146 163
146 147
146 164
146 165
147 164
147 148
147 165
147 166
148 165
148 149
148 166
148 167
149 166
149 150
149 167
149 168
150 167
150 151
150 168
150 169
151 168
151 152
151 169
151 170
152 169
152 153
152 170
152 171
153 170
153 154
153 171
153 172
154 171
154 155
154 172
154 173
155 172
155 156
155 173
155 174
156 173
156 157
156 174
156 175
157 174
157 158
157 175
157 176
158 175
158 159
158 176
158 177
159 176
159 160
159 177
159 178
160 177
160 161
160 178
160 179
161 178
161 162
161 179
161 180
162 179
163 164
163 181
163 182
164 181
164 165
164 182
164 183
165 182
165 166
165 183
165 184
166 183
166 167
166 184
166 185
167 184
167 168
167 185
167 186
168 185
168 169
168 186
168 187
169 186
169 170
169 187
169 188
170 187
170 171
170 188
170 189
171 188
171 172
171 189
171 190
172 189
172 173
172 190
172 191
173 190
173 174
173 191
173 192
174 191
174 175
174 192
174 193
175 192
175 176
175 193
175 194
176 193
176 177
176 194
176 195
177 194
177 178
177 195
177 196
178 195
178 179
178 196
178 197
179 196
179 180
179 197
179 198
180 197
181 182
181 199
181 200
182 199
182 183
182 200
182 201
183 200
183 184
183 201
183 202
184 201
184 185
184 202
184 203
185 202
185 186
185 203
185 204
186 203
186 187
186 204
186 205
187 204
187 188
187 205
187 206
188 205
188 189
188 206
188 207
189 206
189 190
189 207
189 208
190 207
190 191
190 208
190 209
191 208
191 192
191 209
191 210
192 209
192 193
192 210
192 211
193 210
193 194
193 211
193 212
194 211
194 195
194 212
194 213
195 212
195 196
195 213
195 214
196 213
196 197
196 214
196 215
197 214
197 198
197 215
197 216
198 215
199 200
199 217
199 218
200 217
200 201
200 218
200 219
201 218
201 202
201 219
201 220
202 219
202 203
202 220
202 221
203 220
203 204
203 221
203 222
204 221
204 205
204 222
204 223
205 222
205 206
205 223
205 224
206 223
206 207
206 224
206 225
207 224
207 208
207 225
207 226
208 225
208 209
208 226
208 227
209 226
209 210
209 227
209 228
210 227
210 211
210 228
210 229
211 228
211 212
211 229
211 230
212 229
212 213
212 230
212 231
213 230
213 214
213 231
213 232
214 231
214 215
214 232
214 233
215 232
215 216
215 233
215 234
216 233
217 218
217 235
217 236
218 235
218 219
218 236
218 237
219 236
219 220
219 237
219 238
220 237
220 221
220 238
220 239
221 238
221 222
221 239
221 240
222 239
222 223
222 240
222 241
223 240
223 224
223 241
223 242
224 241
224 225
224 242
224 243
225 242
225 226
225 243
225 244
226 243
226 227
226 244
226 245
227 244
227 228
227 245
227 246
228 245
228 229
228 246
228 247
229 246
229 230
229 247
229 248
230 247
230 231
230 248
230 249
231 248
231 232
231 249
231 250
232 249
232 233
232 250
232 251
233 250
233 234
233 251
233 252
234 251
235 236
235 253
235 254
236 253
236 237
236 254
236 255
237 254
237 238
237 255
237 256
238 255
238 239
238 256
238 257
239 256
239 240
239 257
239 258
240 257
240 241
240 258
240 259
241 258
241 242
241 259
241 260
242 259
242 243
242 260
242 261
243 260
243 244
243 261
243 262
244 261
244 245
244 262
244 263
245 262
245 246
245 263
245 264
246 263
246 247
246 264
246 265
247 264
247 248
247 265
247 266
248 265
248 249
248 266
248 267
249 266
249 250
249 267
249 268
250 267
250 251
250 268
250 269
251 268
251 252
251 269
251 270
252 269
253 254
253 271
253 272
254 271
254 255
254 272
254 273
255 272
255 256
255 273
255 274
256 273
256 257
256 274
256 275
257 274
257 258
257 275
257 276
258 275
258 259
258 276
258 277
259 276
259 260
259 277
259 278
260 277
260 261
260 278
260 279
261 278
261 262
261 279
261 280
262 279
262 263
262 280
262 281
263 280
263 264
263 281
263 282
264 281
264 265
264 282
264 283
265 282
265 266
265 283
265 284
266 283
266 267
266 284
266 285
267 284
267 268
267 285
267 286
268 285
268 269
268 286
268 287
269 286
269 270
269 287
269 288
270 287
271 272
271 289
271 290
272 289
272 273
272 290
272 291
273 290
273 274
273 291
273 292
274 291
274 275
274 292
274 293
275 292
275 276
275 293
275 294
276 293
276 277
276 294
276 295
277 294
277 278
277 295
277 296
278 295
278 279
278 296
278 297
279 296
279 280
279 297
279 298
280 297
280 281
280 298
280 299
281 298
281 282
281 299
281 300
282 299
282 283
282 300
282 301
283 300
283 284
283 301
283 302
284 301
284 285
284 302
284 303
285 302
285 286
285 303
285 304
286 303
286 287
286 304
286 305
287 304
287 288
287 305
287 306
288 305
289 290
289 307
289 308
290 307
290 291
290 308
290 309
291 308
291 292
291 309
291 310
292 309
292 293
292 310
292 311
293 310
293 294
293 311
293 312
294 311
294 295
294 312
294 313
295 312
295 296
295 313
295 314
296 313
296 297
296 314
296 315
297 314
297 298
297 315
297 316
298 315
298 299
298 316
298 317
299 316
299 300
299 317
299 318
300 317
300 301
300 318
300 319
301 318
301 302
301 319
301 320
302 319
302 303
302 320
302 321
303 320
303 304
303 321
303 322
304 321
304 305
304 322
304 323
305 322
305 306
305 323
305 324
306 323
18 36
36 54
54 72
72 90
90 108
108 126
126 144
144 162
162 180
180 198
198 216
216 234
234 252
252 270
270 288
288 306
306 324
307 308
308 309
309 310
310 311
311 312
312 313
313 314
314 315
315 316
316 317
317 318
318 319
319 320
320 321
321 322
322 323
323 324
