25 300
1 2 8
1 3 11
1 4 3
1 5 14
1 6 5
1 7 14
1 8 13
1 9 13
1 10 1
1 11 2
1 12 8
1 13 10
1 14 3
1 15 15
1 16 15
1 17 15
1 18 2
1 19 9
1 20 1
1 21 3
1 22 15
1 23 12
1 24 7
1 25 15
2 3 14
2 4 7
2 5 11
2 6 13
2 7 15
2 8 8
2 9 3
2 10 3
2 11 1
2 12 1
2 13 4
2 14 13
2 15 15
2 16 10
2 17 9
2 18 14
2 19 11
2 20 5
2 21 14
2 22 11
2 23 15
2 24 1
2 25 13
3 4 1
3 5 6
3 6 3
3 7 13
3 8 14
3 9 14
3 10 4
3 11 2
3 12 0
3 13 1
3 14 12
3 15 9
3 16 11
3 17 7
3 18 7
3 19 12
3 20 5
3 21 4
3 22 9
3 23 10
3 24 11
3 25 10
4 5 15
4 6 12
4 7 9
4 8 10
4 9 14
4 10 8
4 11 0
4 12 14
4 13 10
4 14 7
4 15 3
4 16 7
4 17 5
4 18 7
4 19 15
4 20 13
4 21 10
4 22 13
4 23 9
4 24 4
4 25 9
5 6 10
5 7 10
5 8 2
5 9 2
5 10 1
5 11 15
5 12 14
5 13 5
5 14 0
5 15 0
5 16 11
5 17 12
5 18 15
5 19 0
5 20 14
5 21 2
5 22 10
5 23 9
5 24 2
5 25 7
6 7 12
6 8 15
6 9 3
6 10 13
6 11 5
6 12 3
6 13 3
6 14 10
6 15 11
6 16 2
6 17 1
6 18 1
6 19 7
6 20 8
6 21 11
6 22 2
6 23 7
6 24 6
6 25 14
7 8 13
7 9 15
7 10 7
7 11 6
7 12 5
7 13 3
7 14 2
7 15 14
7 16 9
7 17 14
7 18 9
7 19 1
7 20 8
7 21 0
7 22 9
7 23 11
7 24 6
7 25 1
8 9 5
8 10 0
8 11 3
8 12 4
8 13 5
8 14 4
8 15 1
8 16 4
8 17 5
8 18 1
8 19 13
8 20 11
8 21 8
8 22 2
8 23 9
8 24 8
8 25 14
9 10 3
9 11 10
9 12 0
9 13 0
9 14 10
9 15 10
9 16 10
9 17 2
9 18 8
9 19 8
9 20 0
9 21 2
9 22 7
9 23 12
9 24 4
9 25 13
10 11 8
10 12 10
10 13 11
10 14 9
10 15 9
10 16 11
10 17 0
10 18 6
10 19 1
10 20 1
10 21 8
10 22 8
10 23 1
10 24 4
10 25 13
11 12 8
11 13 7
11 14 6
11 15 14
11 16 7
11 17 1
11 18 13
11 19 10
11 20 9
11 21 0
11 22 9
11 23 0
11 24 4
11 25 15
12 13 9
12 14 11
12 15 10
12 16 7
12 17 10
12 18 2
12 19 13
12 20 10
12 21 2
12 22 11
12 23 0
12 24 15
12 25 2
13 14 13
13 15 3
13 16 13
13 17 14
13 18 3
13 19 0
13 20 13
13 21 10
13 22 1
13 23 0
13 24 12
13 25 5
14 15 4
14 16 12
14 17 10
14 18 10
14 19 4
14 20 12
14 21 7
14 22 14
14 23 7
14 24 6
14 25 2
15 16 9
15 17 13
15 18 4
15 19 7
15 20 12
15 21 3
15 22 14
15 23 14
15 24 15
15 25 10
16 17 6
16 18 3
16 19 13
16 20 2
16 21 15
16 22 9
16 23 8
16 24 12
16 25 10
17 18 12
17 19 10
17 20 7
17 21 3
17 22 4
17 23 9
17 24 4
17 25 8
18 19 9
18 20 11
18 21 4
18 22 13
18 23 13
18 24 7
18 25 13
19 20 2
19 21 7
19 22 14
19 23 0
19 24 6
19 25 3
20 21 11
20 22 11
20 23 0
20 24 6
20 25 7
21 22 4
21 23 14
21 24 2
21 25 6
22 23 5
22 24 10
22 25 10
23 24 5
23 25 9
24 25 5
841 3192
1 2
1 30
1 31
2 30
2 3
2 31
2 32
3 31
3 4
3 32
3 33
4 32
4 5
4 33
4 34
5 33
5 6
5 34
5 35
6 34
6 7
6 35
6 36
7 35
7 8
7 36
7 37
8 36
8 9
8 37
8 38
9 37
9 10
9 38
9 39
10 38
10 11
10 39
10 40
11 39
11 12
11 40
11 41
12 40
12 13
12 41
12 42
13 41
13 14
13 42
13 43
14 42
14 15
14 43
14 44
15 43
15 16
15 44
15 45
16 44
16 17
16 45
16 46
17 45
17 18
17 46
17 47
18 46
18 19
18 47
18 48
19 47
19 20
19 48
19 49
20 48
20 21
20 49
20 50
21 49
21 22
21 50
21 51
22 50
22 23
22 51
22 52
23 51
23 24
23 52
23 53
24 52
24 25
24 53
24 54
25 53
25 26
25 54
25 55
26 54
26 27
26 55
26 56
27 55
27 28
27 56
27 57
28 56
28 29
28 57
28 58
29 57
30 31
30 59
30 60
31 59
31 32
31 60
31 61
32 60
32 33
32 61
32 62
33 61
33 34
33 62
33 63
34 62
34 35
34 63
34 64
35 63
35 36
35 64
35 65
36 64
36 37
36 65
36 66
37 65
37 38
37 66
37 67
38 66
38 39
38 67
38 68
39 67
39 40
39 68
39 69
40 68
40 41
40 69
40 70
41 69
41 42
41 70
41 71
42 70
42 43
42 71
42 72
43 71
43 44
43 72
43 73
44 72
44 45
44 73
44 74
45 73
45 46
45 74
45 75
46 74
46 47
46 75
46 76
47 75
47 48
47 76
47 77
48 76
48 49
48 77
48 78
49 77
49 50
49 78
49 79
50 78
50 51
50 79
50 80
51 79
51 52
51 80
51 81
52 80
52 53
52 81
52 82
53 81
53 54
53 82
53 83
54 82
54 55
54 83
54 84
55 83
55 56
55 84
55 85
56 84
56 57
56 85
56 86
57 85
57 58
57 86
57 87
58 86
59 60
59 88
59 89
60 88
60 61
60 89
60 90
61 89
61 62
61 90
61 91
62 90
62 63
62 91
62 92
63 91
63 64
63 92
63 93
64 92
64 65
64 93
64 94
65 93
65 66
65 94
65 95
66 94
66 67
66 95
66 96
67 95
67 68
67 96
67 97
68 96
68 69
68 97
68 98
69 97
69 70
69 98
69 99
70 98
70 71
70 99
70 100
71 99
71 72
71 100
71 101
72 100
72 73
72 101
72 102
73 101
73 74
73 102
73 103
74 102
74 75
74 103
74 104
75 103
75 76
75 104
75 105
76 104
76 77
76 105
76 106
77 105
77 78
77 106
77 107
78 106
78 79
78 107
78 108
79 107
79 80
79 108
79 109
80 108
80 81
80 109
80 110
81 109
81 82
81 110
81 111
82 110
82 83
82 111
82 112
83 111
83 84
83 112
83 113
84 112
84 85
84 113
84 114
85 113
85 86
85 114
85 115
86 114
86 87
86 115
86 116
87 115
88 89
88 117
88 118
89 117
89 90
89 118
89 119
90 118
90 91
90 119
90 120
91 119
91 92
91 120
91 121
92 120
92 93
92 121
92 122
93 121
93 94
93 122
93 123
94 122
94 95
94 123
94 124
95 123
95 96
95 124
95 125
96 124
96 97
96 125
96 126
97 125
97 98
97 126
97 127
98 126
98 99
98 127
98 128
99 127
99 100
99 128
99 129
100 128
100 101
100 129
100 130
101 129
101 102
101 130
101 131
102 130
102 103
102 131
102 132
103 131
103 104
103 132
103 133
104 132
104 105
104 133
104 134
105 133
105 106
105 134
105 135
106 134
106 107
106 135
106 136
107 135
107 108
107 136
107 137
108 136
108 109
108 137
108 138
109 137
109 110
109 138
109 139
110 138
110 111
110 139
110 140
111 139
111 112
111 140
111 141
112 140
112 113
112 141
112 142
113 141
113 114
113 142
113 143
114 142
114 115
114 143
114 144
115 143
115 116
115 144
115 145
116 144
117 118
117 146
117 147
118 146
118 119
118 147
118 148
119 147
119 120
119 148
119 149
120 148
120 121
120 149
120 150
121 149
121 122
121 150
121 151
122 150
122 123
122 151
122 152
123 151
123 124
123 152
123 153
124 152
124 125
124 153
124 154
125 153
125 126
125 154
125 155
126 154
126 127
126 155
126 156
127 155
127 128
127 156
127 157
128 156
128 129
128 157
128 158
129 157
129 130
129 158
129 159
130 158
130 131
130 159
130 160
131 159
131 132
131 160
131 161
132 160
132 133
132 161
132 162
133 161
133 134
133 162
133 163
134 162
134 135
134 163
134 164
135 163
135 136
135 164
135 165
136 164
136 137
136 165
136 166
137 165
137 138
137 166
137 167
138 166
138 139
138 167
138 168
139 167
139 140
139 168
139 169
140 168
140 141
140 169
140 170
141 169
141 142
141 170
141 171
142 170
142 143
142 171
142 172
143 171
143 144
143 172
143 173
144 172
144 145
144 173
144 174
145 173
146 147
146 175
146 176
147 175
147 148
147 176
147 177
148 176
148 149
148 177
148 178
149 177
149 150
149 178
149 179
150 178
150 151
150 179
150 180
151 179
151 152
151 180
151 181
152 180
152 153
152 181
152 182
153 181
153 154
153 182
153 183
154 182
154 155
154 183
154 184
155 183
155 156
155 184
155 185
156 184
156 157
156 185
156 186
157 185
157 158
157 186
157 187
158 186
158 159
158 187
158 188
159 187
159 160
159 188
159 189
160 188
160 161
160 189
160 190
161 189
161 162
161 190
161 191
162 190
162 163
162 191
162 192
163 191
163 164
163 192
163 193
164 192
164 165
164 193
164 194
165 193
165 166
165 194
165 195
166 194
166 167
166 195
166 196
167 195
167 168
167 196
167 197
168 196
168 169
168 197
168 198
169 197
169 170
169 198
169 199
170 198
170 171
170 199
170 200
171 199
171 172
171 200
171 201
172 200
172 173
172 201
172 202
173 201
173 174
173 202
173 203
174 202
175 176
175 204
175 205
176 204
176 177
176 205
176 206
177 205
177 178
177 206
177 207
178 206
178 179
178 207
178 208
179 207
179 180
179 208
179 209
180 208
180 181
180 209
180 210
181 209
181 182
181 210
181 211
182 210
182 183
182 211
182 212
183 211
183 184
183 212
183 213
184 212
184 185
184 213
184 214
185 213
185 186
185 214
185 215
186 214
186 187
186 215
186 216
187 215
187 188
187 216
187 217
188 216
188 189
188 217
188 218
189 217
189 190
189 218
189 219
190 218
190 191
190 219
190 220
191 219
191 192
191 220
191 221
192 220
192 193
192 221
192 222
193 221
193 194
193 222
193 223
194 222
194 195
194 223
194 224
195 223
195 196
195 224
195 225
196 224
196 197
196 225
196 226
197 225
197 198
197 226
197 227
198 226
198 199
198 227
198 228
199 227
199 200
199 228
199 229
200 228
200 201
200 229
200 230
201 229
201 202
201 230
201 231
202 230
202 203
202 231
202 232
203 231
204 205
204 233
204 234
205 233
205 206
205 234
205 235
206 234
206 207
206 235
206 236
207 235
207 208
207 236
207 237
208 236
208 209
208 237
208 238
209 237
209 210
209 238
209 239
210 238
210 211
210 239
210 240
211 239
211 212
211 240
211 241
212 240
212 213
212 241
212 242
213 241
213 214
213 242
213 243
214 242
214 215
214 243
214 244
215 243
215 216
215 244
215 245
216 244
216 217
216 245
216 246
217 245
217 218
217 246
217 247
218 246
218 219
218 247
218 248
219 247
219 220
219 248
219 249
220 248
220 221
220 249
220 250
221 249
221 222
221 250
221 251
222 250
222 223
222 251
222 252
223 251
223 224
223 252
223 253
224 252
224 225
224 253
224 254
225 253
225 226
225 254
225 255
226 254
226 227
226 255
226 256
227 255
227 228
227 256
227 257
228 256
228 229
228 257
228 258
229 257
229 230
229 258
229 259
230 258
230 231
230 259
230 260
231 259
231 232
231 260
231 261
232 260
233 234
233 262
233 263
234 262
234 235
234 263
234 264
235 263
235 236
235 264
235 265
236 264
236 237
236 265
236 266
237 265
237 238
237 266
237 267
238 266
238 239
238 267
238 268
239 267
239 240
239 268
239 269
240 268
240 241
240 269
240 270
241 269
241 242
241 270
241 271
242 270
242 243
242 271
242 272
243 271
243 244
243 272
243 273
244 272
244 245
244 273
244 274
245 273
245 246
245 274
245 275
246 274
246 247
246 275
246 276
247 275
247 248
247 276
247 277
248 276
248 249
248 277
248 278
249 277
249 250
249 278
249 279
250 278
250 251
250 279
250 280
251 279
251 252
251 280
251 281
252 280
252 253
252 281
252 282
253 281
253 254
253 282
253 283
254 282
254 255
254 283
254 284
255 283
255 256
255 284
255 285
256 284
256 257
256 285
256 286
257 285
257 258
257 286
257 287
258 286
258 259
258 287
258 288
259 287
259 260
259 288
259 289
260 288
260 261
260 289
260 290
261 289
262 263
262 291
262 292
263 291
263 264
263 292
263 293
264 292
264 265
264 293
264 294
265 293
265 266
265 294
265 295
266 294
266 267
266 295
266 296
267 295
267 268
267 296
267 297
268 296
268 269
268 297
268 298
269 297
269 270
269 298
269 299
270 298
270 271
270 299
270 300
271 299
271 272
271 300
271 301
272 300
272 273
272 301
272 302
273 301
273 274
273 302
273 303
274 302
274 275
274 303
274 304
275 303
275 276
275 304
275 305
276 304
276 277
276 305
276 306
277 305
277 278
277 306
277 307
278 306
278 279
278 307
278 308
279 307
279 280
279 308
279 309
280 308
280 281
280 309
280 310
281 309
281 282
281 310
281 311
282 310
282 283
282 311
282 312
283 311
283 284
283 312
283 313
284 312
284 285
284 313
284 314
285 313
285 286
285 314
285 315
286 314
286 287
286 315
286 316
287 315
287 288
287 316
287 317
288 316
288 289
288 317
288 318
289 317
289 290
289 318
289 319
290 318
291 292
291 320
291 321
292 320
292 293
292 321
292 322
293 321
293 294
293 322
293 323
294 322
294 295
294 323
294 324
295 323
295 296
295 324
295 325
296 324
296 297
296 325
296 326
297 325
297 298
297 326
297 327
298 326
298 299
298 327
298 328
299 327
299 300
299 328
299 329
300 328
300 301
300 329
300 330
301 329
301 302
301 330
301 331
302 330
302 303
302 331
302 332
303 331
303 304
303 332
303 333
304 332
304 305
304 333
304 334
305 333
305 306
305 334
305 335
306 334
306 307
306 335
306 336
307 335
307 308
307 336
307 337
308 336
308 309
308 337
308 338
309 337
309 310
309 338
309 339
310 338
310 311
310 339
310 340
311 339
311 312
311 340
311 341
312 340
312 313
312 341
312 342
313 341
313 314
313 342
313 343
314 342
314 315
314 343
314 344
315 343
315 316
315 344
315 345
316 344
316 317
316 345
316 346
317 345
317 318
317 346
317 347
318 346
318 319
318 347
318 348
319 347
320 321
320 349
320 350
321 349
321 322
321 350
321 351
322 350
322 323
322 351
322 352
323 351
323 324
323 352
323 353
324 352
324 325
324 353
324 354
325 353
325 326
325 354
325 355
326 354
326 327
326 355
326 356
327 355
327 328
327 356
327 357
328 356
328 329
328 357
328 358
329 357
329 330
329 358
329 359
330 358
330 331
330 359
330 360
331 359
331 332
331 360
331 361
332 360
332 333
332 361
332 362
333 361
333 334
333 362
333 363
334 362
334 335
334 363
334 364
335 363
335 336
335 364
335 365
336 364
336 337
336 365
336 366
337 365
337 338
337 366
337 367
338 366
338 339
338 367
338 368
339 367
339 340
339 368
339 369
340 368
340 341
340 369
340 370
341 369
341 342
341 370
341 371
342 370
342 343
342 371
342 372
343 371
343 344
343 372
343 373
344 372
344 345
344 373
344 374
345 373
345 346
345 374
345 375
346 374
346 347
346 375
346 376
347 375
347 348
347 376
347 377
348 376
349 350
349 378
349 379
350 378
350 351
350 379
350 380
351 379
351 352
351 380
351 381
352 380
352 353
352 381
352 382
353 381
353 354
353 382
353 383
354 382
354 355
354 383
354 384
355 383
355 356
355 384
355 385
356 384
356 357
356 385
356 386
357 385
357 358
357 386
357 387
358 386
358 359
358 387
358 388
359 387
359 360
359 388
359 389
360 388
360 361
360 389
360 390
361 389
361 362
361 390
361 391
362 390
362 363
362 391
362 392
363 391
363 364
363 392
363 393
364 392
364 365
364 393
364 394
365 393
365 366
365 394
365 395
366 394
366 367
366 395
366 396
367 395
367 368
367 396
367 397
368 396
368 369
368 397
368 398
369 397
369 370
369 398
369 399
370 398
370 371
370 399
370 400
371 399
371 372
371 400
371 401
372 400
372 373
372 401
372 402
373 401
373 374
373 402
373 403
374 402
374 375
374 403
374 404
375 403
375 376
375 404
375 405
376 404
376 377
376 405
376 406
377 405
378 379
378 407
378 408
379 407
379 380
379 408
379 409
380 408
380 381
380 409
380 410
381 409
381 382
381 410
381 411
382 410
382 383
382 411
382 412
383 411
383 384
383 412
383 413
384 412
384 385
384 413
384 414
385 413
385 386
385 414
385 415
386 414
386 387
386 415
386 416
387 415
387 388
387 416
387 417
388 416
388 389
388 417
388 418
389 417
389 390
389 418
389 419
390 418
390 391
390 419
390 420
391 419
391 392
391 420
391 421
392 420
392 393
392 421
392 422
393 421
393 394
393 422
393 423
394 422
394 395
394 423
394 424
395 423
395 396
395 424
395 425
396 424
396 397
396 425
396 426
397 425
397 398
397 426
397 427
398 426
398 399
398 427
398 428
399 427
399 400
399 428
399 429
400 428
400 401
400 429
400 430
401 429
401 402
401 430
401 431
402 430
402 403
402 431
402 432
403 431
403 404
403 432
403 433
404 432
404 405
404 433
404 434
405 433
405 406
405 434
405 435
406 434
407 408
407 436
407 437
408 436
408 409
408 437
408 438
409 437
409 410
409 438
409 439
410 438
410 411
410 439
410 440
411 439
411 412
411 440
411 441
412 440
412 413
412 441
412 442
413 441
413 414
413 442
413 443
414 442
414 415
414 443
414 444
415 443
415 416
415 444
415 445
416 444
416 417
416 445
416 446
417 445
417 418
417 446
417 447
418 446
418 419
418 447
418 448
419 447
419 420
419 448
419 449
420 448
420 421
420 449
420 450
421 449
421 422
421 450
421 451
422 450
422 423
422 451
422 452
423 451
423 424
423 452
423 453
424 452
424 425
424 453
424 454
425 453
425 426
425 454
425 455
426 454
426 427
426 455
426 456
427 455
427 428
427 456
427 457
428 456
428 429
428 457
428 458
429 457
429 430
429 458
429 459
430 458
430 431
430 459
430 460
431 459
431 432
431 460
431 461
432 460
432 433
432 461
432 462
433 461
433 434
433 462
433 463
434 462
434 435
434 463
434 464
435 463
436 437
436 465
436 466
437 465
437 438
437 466
437 467
438 466
438 439
438 467
438 468
439 467
439 440
439 468
439 469
440 468
440 441
440 469
440 470
441 469
441 442
441 470
441 471
442 470
442 443
442 471
442 472
443 471
443 444
443 472
443 473
444 472
444 445
444 473
444 474
445 473
445 446
445 474
445 475
446 474
446 447
446 475
446 476
447 475
447 448
447 476
447 477
448 476
448 449
448 477
448 478
449 477
449 450
449 478
449 479
450 478
450 451
450 479
450 480
451 479
451 452
451 480
451 481
452 480
452 453
452 481
452 482
453 481
453 454
453 482
453 483
454 482
454 455
454 483
454 484
455 483
455 456
455 484
455 485
456 484
456 457
456 485
456 486
457 485
457 458
457 486
457 487
458 486
458 459
458 487
458 488
459 487
459 460
459 488
459 489
460 488
460 461
460 489
460 490
461 489
461 462
461 490
461 491
462 490
462 463
462 491
462 492
463 491
463 464
463 492
463 493
464 492
465 466
465 494
465 495
466 494
466 467
466 495
466 496
467 495
467 468
467 496
467 497
468 496
468 469
468 497
468 498
469 497
469 470
469 498
469 499
470 498
470 471
470 499
470 500
471 499
471 472
471 500
471 501
472 500
472 473
472 501
472 502
473 501
473 474
473 502
473 503
474 502
474 475
474 503
474 504
475 503
475 476
475 504
475 505
476 504
476 477
476 505
476 506
477 505
477 478
477 506
477 507
478 506
478 479
478 507
478 508
479 507
479 480
479 508
479 509
480 508
480 481
480 509
480 510
481 509
481 482
481 510
481 511
482 510
482 483
482 511
482 512
483 511
483 484
483 512
483 513
484 512
484 485
484 513
484 514
485 513
485 486
485 514
485 515
486 514
486 487
486 515
486 516
487 515
487 488
487 516
487 517
488 516
488 489
488 517
488 518
489 517
489 490
489 518
489 519
490 518
490 491
490 519
490 520
491 519
491 492
491 520
491 521
492 520
492 493
492 521
492 522
493 521
494 495
494 523
494 524
495 523
495 496
495 524
495 525
496 524
496 497
496 525
496 526
497 525
497 498
497 526
497 527
498 526
498 499
498 527
498 528
499 527
499 500
499 528
499 529
500 528
500 501
500 529
500 530
501 529
501 502
501 530
501 531
502 530
502 503
502 531
502 532
503 531
503 504
503 532
503 533
504 532
504 505
504 533
504 534
505 533
505 506
505 534
505 535
506 534
506 507
506 535
506 536
507 535
507 508
507 536
507 537
508 536
508 509
508 537
508 538
509 537
509 510
509 538
509 539
510 538
510 511
510 539
510 540
511 539
511 512
511 540
511 541
512 540
512 513
512 541
512 542
513 541
513 514
513 542
513 543
514 542
514 515
514 543
514 544
515 543
515 516
515 544
515 545
516 544
516 517
516 545
516 546
517 545
517 518
517 546
517 547
518 546
518 519
518 547
518 548
519 547
519 520
519 548
519 549
520 548
520 521
520 549
520 550
521 549
521 522
521 550
521 551
522 550
523 524
523 552
523 553
524 552
524 525
524 553
524 554
525 553
525 526
525 554
525 555
526 554
526 527
526 555
526 556
527 555
527 528
527 556
527 557
528 556
528 529
528 557
528 558
529 557
529 530
529 558
529 559
530 558
530 531
530 559
530 560
531 559
531 532
531 560
531 561
532 560
532 533
532 561
532 562
533 561
533 534
533 562
533 563
534 562
534 535
534 563
534 564
535 563
535 536
535 564
535 565
536 564
536 537
536 565
536 566
537 565
537 538
537 566
537 567
538 566
538 539
538 567
538 568
539 567
539 540
539 568
539 569
540 568
540 541
540 569
540 570
541 569
541 542
541 570
541 571
542 570
542 543
542 571
542 572
543 571
543 544
543 572
543 573
544 572
544 545
544 573
544 574
545 573
545 546
545 574
545 575
546 574
546 547
546 575
546 576
547 575
547 548
547 576
547 577
548 576
548 549
548 577
548 578
549 577
549 550
549 578
549 579
550 578
550 551
550 579
550 580
551 579
552 553
552 581
552 582
553 581
553 554
553 582
553 583
554 582
554 555
554 583
554 584
555 583
555 556
555 584
555 585
556 584
556 557
556 585
556 586
557 585
557 558
557 586
557 587
558 586
558 559
558 587
558 588
559 587
559 560
559 588
559 589
560 588
560 561
560 589
560 590
561 589
561 562
561 590
561 591
562 590
562 563
562 591
562 592
563 591
563 564
563 592
563 593
564 592
564 565
564 593
564 594
565 593
565 566
565 594
565 595
566 594
566 567
566 595
566 596
567 595
567 568
567 596
567 597
568 596
568 569
568 597
568 598
569 597
569 570
569 598
569 599
570 598
570 571
570 599
570 600
571 599
571 572
571 600
571 601
572 600
572 573
572 601
572 602
573 601
573 574
573 602
573 603
574 602
574 575
574 603
574 604
575 603
575 576
575 604
575 605
576 604
576 577
576 605
576 606
577 605
577 578
577 606
577 607
578 606
578 579
578 607
578 608
579 607
579 580
579 608
579 609
580 608
581 582
581 610
581 611
582 610
582 583
582 611
582 612
583 611
583 584
583 612
583 613
584 612
584 585
584 613
584 614
585 613
585 586
585 614
585 615
586 614
586 587
586 615
586 616
587 615
587 588
587 616
587 617
588 616
588 589
588 617
588 618
589 617
589 590
589 618
589 619
590 618
590 591
590 619
590 620
591 619
591 592
591 620
591 621
592 620
592 593
592 621
592 622
593 621
593 594
593 622
593 623
594 622
594 595
594 623
594 624
595 623
595 596
595 624
595 625
596 624
596 597
596 625
596 626
597 625
597 598
597 626
597 627
598 626
598 599
598 627
598 628
599 627
599 600
599 628
599 629
600 628
600 601
600 629
600 630
601 629
601 602
601 630
601 631
602 630
602 603
602 631
602 632
603 631
603 604
603 632
603 633
604 632
604 605
604 633
604 634
605 633
605 606
605 634
605 635
606 634
606 607
606 635
606 636
607 635
607 608
607 636
607 637
608 636
608 609
608 637
608 638
609 637
610 611
610 639
610 640
611 639
611 612
611 640
611 641
612 640
612 613
612 641
612 642
613 641
613 614
613 642
613 643
614 642
614 615
614 643
614 644
615 643
615 616
615 644
615 645
616 644
616 617
616 645
616 646
617 645
617 618
617 646
617 647
618 646
618 619
618 647
618 648
619 647
619 620
619 648
619 649
620 648
620 621
620 649
620 650
621 649
621 622
621 650
621 651
622 650
622 623
622 651
622 652
623 651
623 624
623 652
623 653
624 652
624 625
624 653
624 654
625 653
625 626
625 654
625 655
626 654
626 627
626 655
626 656
627 655
627 628
627 656
627 657
628 656
628 629
628 657
628 658
629 657
629 630
629 658
629 659
630 658
630 631
630 659
630 660
631 659
631 632
631 660
631 661
632 660
632 633
632 661
632 662
633 661
633 634
633 662
633 663
634 662
634 635
634 663
634 664
635 663
635 636
635 664
635 665
636 664
636 637
636 665
636 666
637 665
637 638
637 666
637 667
638 666
639 640
639 668
639 669
640 668
640 641
640 669
640 670
641 669
641 642
641 670
641 671
642 670
642 643
642 671
642 672
643 671
643 644
643 672
643 673
644 672
644 645
644 673
644 674
645 673
645 646
645 674
645 675
646 674
646 647
646 675
646 676
647 675
647 648
647 676
647 677
648 676
648 649
648 677
648 678
649 677
649 650
649 678
649 679
650 678
650 651
650 679
650 680
651 679
651 652
651 680
651 681
652 680
652 653
652 681
652 682
653 681
653 654
653 682
653 683
654 682
654 655
654 683
654 684
655 683
655 656
655 684
655 685
656 684
656 657
656 685
656 686
657 685
657 658
657 686
657 687
658 686
658 659
658 687
658 688
659 687
659 660
659 688
659 689
660 688
660 661
660 689
660 690
661 689
661 662
661 690
661 691
662 690
662 663
662 691
662 692
663 691
663 664
663 692
663 693
664 692
664 665
664 693
664 694
665 693
665 666
665 694
665 695
666 694
666 667
666 695
666 696
667 695
668 669
668 697
668 698
669 697
669 670
669 698
669 699
670 698
670 671
670 699
670 700
671 699
671 672
671 700
671 701
672 700
672 673
672 701
672 702
673 701
673 674
673 702
673 703
674 702
674 675
674 703
674 704
675 703
675 676
675 704
675 705
676 704
676 677
676 705
676 706
677 705
677 678
677 706
677 707
678 706
678 679
678 707
678 708
679 707
679 680
679 708
679 709
680 708
680 681
680 709
680 710
681 709
681 682
681 710
681 711
682 710
682 683
682 711
682 712
683 711
683 684
683 712
683 713
684 712
684 685
684 713
684 714
685 713
685 686
685 714
685 715
686 714
686 687
686 715
686 716
687 715
687 688
687 716
687 717
688 716
688 689
688 717
688 718
689 717
689 690
689 718
689 719
690 718
690 691
690 719
690 720
691 719
691 692
691 720
691 721
692 720
692 693
692 721
692 722
693 721
693 694
693 722
693 723
694 722
694 695
694 723
694 724
695 723
695 696
695 724
695 725
696 724
697 698
697 726
697 727
698 726
698 699
698 727
698 728
699 727
699 700
699 728
699 729
700 728
700 701
700 729
700 730
701 729
701 702
701 730
701 731
702 730
702 703
702 731
702 732
703 731
703 704
703 732
703 733
704 732
704 705
704 733
704 734
705 733
705 706
705 734
705 735
706 734
706 707
706 735
706 736
707 735
707 708
707 736
707 737
708 736
708 709
708 737
708 738
709 737
709 710
709 738
709 739
710 738
710 711
710 739
710 740
711 739
711 712
711 740
711 741
712 740
712 713
712 741
712 742
713 741
713 714
713 742
713 743
714 742
714 715
714 743
714 744
715 743
715 716
715 744
715 745
716 744
716 717
716 745
716 746
717 745
717 718
717 746
717 747
718 746
718 719
718 747
718 748
719 747
719 720
719 748
719 749
720 748
720 721
720 749
720 750
721 749
721 722
721 750
721 751
722 750
722 723
722 751
722 752
723 751
723 724
723 752
723 753
724 752
724 725
724 753
724 754
725 753
726 727
726 755
726 756
727 755
727 728
727 756
727 757
728 756
728 729
728 757
728 758
729 757
729 730
729 758
729 759
730 758
730 731
730 759
730 760
731 759
731 732
731 760
731 761
732 760
732 733
732 761
732 762
733 761
733 734
733 762
733 763
734 762
734 735
734 763
734 764
735 763
735 736
735 764
735 765
736 764
736 737
736 765
736 766
737 765
737 738
737 766
737 767
738 766
738 739
738 767
738 768
739 767
739 740
739 768
739 769
740 768
740 741
740 769
740 770
741 769
741 742
741 770
741 771
742 770
742 743
742 771
742 772
743 771
743 744
743 772
743 773
744 772
744 745
744 773
744 774
745 773
745 746
745 774
745 775
746 774
746 747
746 775
746 776
747 775
747 748
747 776
747 777
748 776
748 749
748 777
748 778
749 777
749 750
749 778
749 779
750 778
750 751
750 779
750 780
751 779
751 752
751 780
751 781
752 780
752 753
752 781
752 782
753 781
753 754
753 782
753 783
754 782
755 756
755 784
755 785
756 784
756 757
756 785
756 786
757 785
757 758
757 786
757 787
758 786
758 759
758 787
758 788
759 787
759 760
759 788
759 789
760 788
760 761
760 789
760 790
761 789
761 762
761 790
761 791
762 790
762 763
762 791
762 792
763 791
763 764
763 792
763 793
764 792
764 765
764 793
764 794
765 793
765 766
765 794
765 795
766 794
766 767
766 795
766 796
767 795
767 768
767 796
767 797
768 796
768 769
768 797
768 798
769 797
769 770
769 798
769 799
770 798
770 771
770 799
770 800
771 799
771 772
771 800
771 801
772 800
772 773
772 801
772 802
773 801
773 774
773 802
773 803
774 802
774 775
774 803
774 804
775 803
775 776
775 804
775 805
776 804
776 777
776 805
776 806
777 805
777 778
777 806
777 807
778 806
778 779
778 807
778 808
779 807
779 780
779 808
779 809
780 808
780 781
780 809
780 810
781 809
781 782
781 810
781 811
782 810
782 783
782 811
782 812
783 811
784 785
784 813
784 814
785 813
785 786
785 814
785 815
786 814
786 787
786 815
786 816
787 815
787 788
787 816
787 817
788 816
788 789
788 817
788 818
789 817
789 790
789 818
789 819
790 818
790 791
790 819
790 820
791 819
791 792
791 820
791 821
792 820
792 793
792 821
792 822
793 821
793 794
793 822
793 823
794 822
794 795
794 823
794 824
795 823
795 796
795 824
795 825
796 824
796 797
796 825
796 826
797 825
797 798
797 826
797 827
798 826
798 799
798 827
798 828
799 827
799 800
799 828
799 829
800 828
800 801
800 829
800 830
801 829
801 802
801 830
801 831
802 830
802 803
802 831
802 832
803 831
803 804
803 832
803 833
804 832
804 805
804 833
804 834
805 833
805 806
805 834
805 835
806 834
806 807
806 835
806 836
807 835
807 808
807 836
807 837
808 836
808 809
808 837
808 838
809 837
809 810
809 838
809 839
810 838
810 811
810 839
810 840
811 839
811 812
811 840
811 841
812 840
29 58
58 87
87 116
116 145
145 174
174 203
203 232
232 261
261 290
290 319
319 348
348 377
377 406
406 435
435 464
464 493
493 522
522 551
551 580
580 609
609 638
638 667
667 696
696 725
725 754
754 783
783 812
812 841
813 814
814 815
815 816
816 817
817 818
818 819
819 820
820 821
821 822
822 823
823 824
824 825
825 826
826 827
827 828
828 829
829 830
830 831
831 832
832 833
833 834
834 835
835 836
836 837
837 838
838 839
839 840
840 841
