82 3321
1 2 1
1 3 15
1 4 10
1 5 13
1 6 3
1 7 3
1 8 14
1 9 7
1 10 5
1 11 8
1 12 0
1 13 6
1 14 3
1 15 0
1 16 10
1 17 6
1 18 4
1 19 14
1 20 4
1 21 1
1 22 11
1 23 3
1 24 8
1 25 10
1 26 11
1 27 14
1 28 15
1 29 15
1 30 5
1 31 3
1 32 15
1 33 14
1 34 1
1 35 4
1 36 11
1 37 11
1 38 0
1 39 14
1 40 12
1 41 1
1 42 3
1 43 13
1 44 13
1 45 13
1 46 4
1 47 1
1 48 9
1 49 12
1 50 2
1 51 15
1 52 1
1 53 3
1 54 11
1 55 0
1 56 0
1 57 9
1 58 1
1 59 1
1 60 5
1 61 14
1 62 14
1 63 11
1 64 12
1 65 6
1 66 14
1 67 3
1 68 0
1 69 11
1 70 2
1 71 11
1 72 2
1 73 0
1 74 11
1 75 15
1 76 8
1 77 8
1 78 10
1 79 4
1 80 0
1 81 5
1 82 13
2 3 14
2 4 14
2 5 6
2 6 15
2 7 0
2 8 2
2 9 13
2 10 9
2 11 10
2 12 2
2 13 3
2 14 1
2 15 14
2 16 1
2 17 15
2 18 8
2 19 1
2 20 9
2 21 9
2 22 1
2 23 14
2 24 0
2 25 8
2 26 13
2 27 6
2 28 0
2 29 14
2 30 15
2 31 6
2 32 9
2 33 14
2 34 4
2 35 1
2 36 10
2 37 8
2 38 6
2 39 12
2 40 2
2 41 11
2 42 8
2 43 8
2 44 8
2 45 10
2 46 10
2 47 13
2 48 2
2 49 4
2 50 0
2 51 13
2 52 2
2 53 9
2 54 2
2 55 10
2 56 12
2 57 13
2 58 14
2 59 14
2 60 10
2 61 11
2 62 1
2 63 7
2 64 9
2 65 6
2 66 4
2 67 4
2 68 11
2 69 0
2 70 7
2 71 12
2 72 2
2 73 8
2 74 12
2 75 10
2 76 6
2 77 3
2 78 6
2 79 12
2 80 1
2 81 9
2 82 4
3 4 7
3 5 11
3 6 12
3 7 0
3 8 7
3 9 11
3 10 2
3 11 7
3 12 4
3 13 9
3 14 10
3 15 13
3 16 9
3 17 2
3 18 13
3 19 1
3 20 1
3 21 13
3 22 12
3 23 14
3 24 0
3 25 4
3 26 2
3 27 11
3 28 9
3 29 10
3 30 9
3 31 0
3 32 2
3 33 6
3 34 0
3 35 6
3 36 4
3 37 3
3 38 13
3 39 7
3 40 0
3 41 8
3 42 5
3 43 2
3 44 12
3 45 10
3 46 10
3 47 5
3 48 4
3 49 11
3 50 1
3 51 0
3 52 9
3 53 14
3 54 2
3 55 9
3 56 0
3 57 9
3 58 5
3 59 14
3 60 14
3 61 4
3 62 12
3 63 15
3 64 9
3 65 11
3 66 5
3 67 13
3 68 7
3 69 3
3 70 13
3 71 4
3 72 1
3 73 2
3 74 5
3 75 8
3 76 4
3 77 10
3 78 7
3 79 1
3 80 10
3 81 13
3 82 13
4 5 10
4 6 13
4 7 7
4 8 3
4 9 7
4 10 12
4 11 0
4 12 1
4 13 0
4 14 11
4 15 5
4 16 2
4 17 5
4 18 5
4 19 2
4 20 4
4 21 0
4 22 0
4 23 2
4 24 2
4 25 10
4 26 12
4 27 5
4 28 6
4 29 1
4 30 8
4 31 11
4 32 4
4 33 9
4 34 3
4 35 2
4 36 12
4 37 6
4 38 15
4 39 1
4 40 5
4 41 12
4 42 15
4 43 2
4 44 6
4 45 15
4 46 11
4 47 3
4 48 1
4 49 9
4 50 12
4 51 0
4 52 10
4 53 1
4 54 6
4 55 11
4 56 0
4 57 11
4 58 1
4 59 3
4 60 3
4 61 12
4 62 10
4 63 3
4 64 1
4 65 8
4 66 3
4 67 0
4 68 15
4 69 9
4 70 2
4 71 6
4 72 11
4 73 12
4 74 4
4 75 1
4 76 12
4 77 4
4 78 13
4 79 7
4 80 14
4 81 3
4 82 6
5 6 2
5 7 2
5 8 8
5 9 9
5 10 13
5 11 1
5 12 15
5 13 11
5 14 5
5 15 1
5 16 9
5 17 0
5 18 9
5 19 10
5 20 10
5 21 7
5 22 3
5 23 15
5 24 11
5 25 8
5 26 1
5 27 9
5 28 4
5 29 15
5 30 13
5 31 3
5 32 10
5 33 13
5 34 10
5 35 0
5 36 0
5 37 10
5 38 13
5 39 1
5 40 7
5 41 3
5 42 8
5 43 8
5 44 10
5 45 5
5 46 6
5 47 6
5 48 9
5 49 3
5 50 0
5 51 13
5 52 7
5 53 13
5 54 9
5 55 8
5 56 9
5 57 0
5 58 7
5 59 1
5 60 0
5 61 8
5 62 4
5 63 2
5 64 8
5 65 4
5 66 10
5 67 14
5 68 7
5 69 15
5 70 13
5 71 4
5 72 3
5 73 14
5 74 10
5 75 0
5 76 8
5 77 15
5 78 5
5 79 11
5 80 15
5 81 4
5 82 5
6 7 7
6 8 10
6 9 6
6 10 3
6 11 8
6 12 3
6 13 2
6 14 6
6 15 2
6 16 15
6 17 4
6 18 12
6 19 0
6 20 7
6 21 12
6 22 9
6 23 6
6 24 13
6 25 5
6 26 3
6 27 13
6 28 2
6 29 14
6 30 4
6 31 13
6 32 3
6 33 4
6 34 14
6 35 3
6 36 1
6 37 15
6 38 15
6 39 9
6 40 7
6 41 8
6 42 7
6 43 0
6 44 5
6 45 1
6 46 5
6 47 4
6 48 4
6 49 0
6 50 7
6 51 11
6 52 11
6 53 7
6 54 14
6 55 13
6 56 9
6 57 15
6 58 3
6 59 3
6 60 8
6 61 14
6 62 0
6 63 3
6 64 8
6 65 1
6 66 15
6 67 8
6 68 3
6 69 5
6 70 12
6 71 7
6 72 5
6 73 11
6 74 0
6 75 2
6 76 1
6 77 12
6 78 5
6 79 11
6 80 9
6 81 1
6 82 12
7 8 7
7 9 6
7 10 12
7 11 12
7 12 10
7 13 3
7 14 13
7 15 9
7 16 14
7 17 1
7 18 2
7 19 12
7 20 7
7 21 0
7 22 12
7 23 7
7 24 9
7 25 2
7 26 0
7 27 2
7 28 2
7 29 5
7 30 3
7 31 9
7 32 4
7 33 12
7 34 13
7 35 9
7 36 2
7 37 8
7 38 12
7 39 11
7 40 15
7 41 6
7 42 10
7 43 4
7 44 8
7 45 11
7 46 9
7 47 1
7 48 14
7 49 8
7 50 2
7 51 6
7 52 15
7 53 15
7 54 12
7 55 5
7 56 6
7 57 12
7 58 14
7 59 1
7 60 3
7 61 9
7 62 6
7 63 6
7 64 8
7 65 6
7 66 15
7 67 14
7 68 1
7 69 1
7 70 5
7 71 7
7 72 15
7 73 14
7 74 9
7 75 8
7 76 0
7 77 13
7 78 5
7 79 7
7 80 1
7 81 5
7 82 1
8 9 14
8 10 8
8 11 4
8 12 4
8 13 9
8 14 6
8 15 9
8 16 3
8 17 10
8 18 13
8 19 0
8 20 6
8 21 5
8 22 0
8 23 2
8 24 10
8 25 15
8 26 6
8 27 6
8 28 14
8 29 10
8 30 14
8 31 15
8 32 15
8 33 6
8 34 4
8 35 7
8 36 8
8 37 4
8 38 5
8 39 11
8 40 14
8 41 14
8 42 13
8 43 15
8 44 13
8 45 9
8 46 11
8 47 0
8 48 15
8 49 4
8 50 12
8 51 12
8 52 13
8 53 5
8 54 11
8 55 13
8 56 11
8 57 2
8 58 2
8 59 11
8 60 7
8 61 9
8 62 11
8 63 8
8 64 5
8 65 15
8 66 10
8 67 2
8 68 6
8 69 10
8 70 15
8 71 14
8 72 1
8 73 9
8 74 0
8 75 0
8 76 5
8 77 4
8 78 7
8 79 7
8 80 5
8 81 11
8 82 5
9 10 15
9 11 14
9 12 0
9 13 8
9 14 8
9 15 4
9 16 6
9 17 14
9 18 8
9 19 5
9 20 10
9 21 11
9 22 6
9 23 7
9 24 0
9 25 9
9 26 13
9 27 9
9 28 3
9 29 15
9 30 12
9 31 15
9 32 5
9 33 5
9 34 2
9 35 13
9 36 0
9 37 3
9 38 7
9 39 9
9 40 8
9 41 7
9 42 14
9 43 7
9 44 7
9 45 2
9 46 10
9 47 14
9 48 2
9 49 6
9 50 0
9 51 0
9 52 1
9 53 8
9 54 15
9 55 13
9 56 0
9 57 4
9 58 11
9 59 2
9 60 2
9 61 0
9 62 5
9 63 6
9 64 5
9 65 0
9 66 0
9 67 9
9 68 11
9 69 5
9 70 6
9 71 10
9 72 7
9 73 11
9 74 14
9 75 7
9 76 8
9 77 5
9 78 1
9 79 10
9 80 10
9 81 5
9 82 11
10 11 10
10 12 7
10 13 10
10 14 10
10 15 5
10 16 0
10 17 12
10 18 4
10 19 5
10 20 9
10 21 7
10 22 7
10 23 5
10 24 13
10 25 9
10 26 6
10 27 6
10 28 15
10 29 12
10 30 3
10 31 7
10 32 4
10 33 1
10 34 15
10 35 0
10 36 6
10 37 5
10 38 11
10 39 1
10 40 1
10 41 14
10 42 11
10 43 12
10 44 9
10 45 6
10 46 9
10 47 7
10 48 9
10 49 5
10 50 7
10 51 13
10 52 2
10 53 13
10 54 9
10 55 13
10 56 14
10 57 0
10 58 14
10 59 6
10 60 11
10 61 10
10 62 4
10 63 14
10 64 11
10 65 7
10 66 4
10 67 10
10 68 4
10 69 10
10 70 2
10 71 1
10 72 2
10 73 15
10 74 1
10 75 14
10 76 4
10 77 0
10 78 10
10 79 7
10 80 3
10 81 12
10 82 1
11 12 0
11 13 6
11 14 6
11 15 6
11 16 3
11 17 12
11 18 4
11 19 13
11 20 5
11 21 6
11 22 10
11 23 15
11 24 8
11 25 4
11 26 0
11 27 11
11 28 10
11 29 10
11 30 9
11 31 4
11 32 13
11 33 12
11 34 3
11 35 12
11 36 1
11 37 4
11 38 0
11 39 1
11 40 15
11 41 14
11 42 14
11 43 2
11 44 4
11 45 7
11 46 7
11 47 7
11 48 0
11 49 0
11 50 4
11 51 0
11 52 4
11 53 4
11 54 11
11 55 0
11 56 0
11 57 8
11 58 8
11 59 1
11 60 2
11 61 4
11 62 12
11 63 1
11 64 2
11 65 5
11 66 5
11 67 2
11 68 4
11 69 15
11 70 12
11 71 11
11 72 1
11 73 7
11 74 13
11 75 15
11 76 4
11 77 3
11 78 12
11 79 14
11 80 13
11 81 6
11 82 11
12 13 9
12 14 11
12 15 6
12 16 7
12 17 2
12 18 13
12 19 4
12 20 7
12 21 7
12 22 13
12 23 4
12 24 1
12 25 6
12 26 1
12 27 1
12 28 15
12 29 5
12 30 9
12 31 1
12 32 3
12 33 10
12 34 5
12 35 1
12 36 2
12 37 4
12 38 5
12 39 13
12 40 7
12 41 4
12 42 5
12 43 9
12 44 10
12 45 1
12 46 2
12 47 8
12 48 4
12 49 1
12 50 8
12 51 9
12 52 13
12 53 3
12 54 13
12 55 1
12 56 12
12 57 13
12 58 6
12 59 1
12 60 6
12 61 13
12 62 5
12 63 4
12 64 0
12 65 5
12 66 15
12 67 14
12 68 15
12 69 1
12 70 6
12 71 9
12 72 1
12 73 3
12 74 3
12 75 9
12 76 7
12 77 2
12 78 4
12 79 9
12 80 13
12 81 2
12 82 4
13 14 15
13 15 4
13 16 2
13 17 4
13 18 13
13 19 8
13 20 13
13 21 11
13 22 12
13 23 6
13 24 11
13 25 15
13 26 10
13 27 13
13 28 1
13 29 0
13 30 8
13 31 12
13 32 13
13 33 0
13 34 9
13 35 15
13 36 15
13 37 9
13 38 9
13 39 13
13 40 3
13 41 13
13 42 8
13 43 15
13 44 5
13 45 15
13 46 8
13 47 9
13 48 10
13 49 12
13 50 4
13 51 12
13 52 13
13 53 10
13 54 12
13 55 1
13 56 2
13 57 9
13 58 15
13 59 13
13 60 11
13 61 8
13 62 10
13 63 15
13 64 9
13 65 7
13 66 1
13 67 13
13 68 7
13 69 12
13 70 7
13 71 9
13 72 11
13 73 5
13 74 15
13 75 4
13 76 0
13 77 3
13 78 4
13 79 8
13 80 10
13 81 7
13 82 11
14 15 5
14 16 2
14 17 8
14 18 13
14 19 1
14 20 14
14 21 13
14 22 8
14 23 2
14 24 5
14 25 0
14 26 11
14 27 1
14 28 10
14 29 11
14 30 9
14 31 3
14 32 1
14 33 0
14 34 10
14 35 13
14 36 0
14 37 7
14 38 6
14 39 0
14 40 6
14 41 1
14 42 3
14 43 10
14 44 8
14 45 15
14 46 14
14 47 13
14 48 14
14 49 3
14 50 6
14 51 10
14 52 8
14 53 3
14 54 6
14 55 10
14 56 10
14 57 9
14 58 7
14 59 5
14 60 6
14 61 7
14 62 8
14 63 3
14 64 12
14 65 14
14 66 10
14 67 6
14 68 10
14 69 1
14 70 5
14 71 1
14 72 2
14 73 12
14 74 0
14 75 9
14 76 9
14 77 15
14 78 9
14 79 0
14 80 12
14 81 2
14 82 2
15 16 5
15 17 12
15 18 12
15 19 12
15 20 2
15 21 0
15 22 4
15 23 13
15 24 12
15 25 3
15 26 2
15 27 4
15 28 8
15 29 11
15 30 2
15 31 4
15 32 9
15 33 3
15 34 12
15 35 15
15 36 5
15 37 3
15 38 7
15 39 7
15 40 5
15 41 10
15 42 4
15 43 2
15 44 2
15 45 5
15 46 14
15 47 4
15 48 2
15 49 15
15 50 5
15 51 3
15 52 3
15 53 3
15 54 1
15 55 14
15 56 10
15 57 13
15 58 13
15 59 10
15 60 10
15 61 15
15 62 15
15 63 7
15 64 15
15 65 7
15 66 6
15 67 9
15 68 4
15 69 0
15 70 0
15 71 3
15 72 15
15 73 8
15 74 4
15 75 4
15 76 14
15 77 13
15 78 8
15 79 9
15 80 2
15 81 4
15 82 14
16 17 11
16 18 15
16 19 4
16 20 5
16 21 10
16 22 7
16 23 6
16 24 11
16 25 15
16 26 14
16 27 7
16 28 10
16 29 2
16 30 1
16 31 11
16 32 9
16 33 1
16 34 0
16 35 0
16 36 11
16 37 15
16 38 12
16 39 4
16 40 4
16 41 7
16 42 7
16 43 5
16 44 8
16 45 13
16 46 11
16 47 7
16 48 3
16 49 5
16 50 2
16 51 6
16 52 1
16 53 13
16 54 3
16 55 2
16 56 11
16 57 5
16 58 2
16 59 7
16 60 4
16 61 9
16 62 6
16 63 9
16 64 10
16 65 10
16 66 3
16 67 4
16 68 13
16 69 15
16 70 4
16 71 4
16 72 3
16 73 12
16 74 0
16 75 13
16 76 0
16 77 14
16 78 7
16 79 10
16 80 14
16 81 4
16 82 1
17 18 11
17 19 0
17 20 3
17 21 7
17 22 7
17 23 4
17 24 13
17 25 4
17 26 12
17 27 14
17 28 14
17 29 4
17 30 6
17 31 15
17 32 13
17 33 3
17 34 13
17 35 5
17 36 2
17 37 1
17 38 13
17 39 10
17 40 11
17 41 13
17 42 12
17 43 11
17 44 10
17 45 3
17 46 7
17 47 1
17 48 2
17 49 11
17 50 7
17 51 9
17 52 2
17 53 10
17 54 15
17 55 5
17 56 12
17 57 11
17 58 6
17 59 6
17 60 0
17 61 14
17 62 10
17 63 14
17 64 3
17 65 15
17 66 2
17 67 15
17 68 0
17 69 10
17 70 4
17 71 9
17 72 1
17 73 4
17 74 6
17 75 12
17 76 9
17 77 3
17 78 4
17 79 8
17 80 2
17 81 5
17 82 9
18 19 5
18 20 13
18 21 5
18 22 15
18 23 14
18 24 2
18 25 9
18 26 10
18 27 12
18 28 14
18 29 14
18 30 7
18 31 3
18 32 7
18 33 11
18 34 13
18 35 4
18 36 4
18 37 5
18 38 1
18 39 14
18 40 0
18 41 1
18 42 5
18 43 15
18 44 6
18 45 10
18 46 10
18 47 13
18 48 3
18 49 8
18 50 0
18 51 6
18 52 8
18 53 6
18 54 0
18 55 0
18 56 5
18 57 15
18 58 10
18 59 7
18 60 6
18 61 11
18 62 4
18 63 11
18 64 5
18 65 14
18 66 2
18 67 4
18 68 2
18 69 0
18 70 10
18 71 2
18 72 0
18 73 1
18 74 2
18 75 14
18 76 13
18 77 15
18 78 3
18 79 1
18 80 1
18 81 9
18 82 12
19 20 1
19 21 5
19 22 9
19 23 10
19 24 12
19 25 9
19 26 0
19 27 11
19 28 9
19 29 0
19 30 11
19 31 12
19 32 12
19 33 10
19 34 13
19 35 4
19 36 1
19 37 1
19 38 2
19 39 0
19 40 15
19 41 4
19 42 15
19 43 12
19 44 14
19 45 2
19 46 14
19 47 10
19 48 13
19 49 10
19 50 1
19 51 15
19 52 12
19 53 12
19 54 2
19 55 5
19 56 1
19 57 0
19 58 5
19 59 3
19 60 0
19 61 12
19 62 3
19 63 13
19 64 12
19 65 5
19 66 11
19 67 8
19 68 6
19 69 9
19 70 2
19 71 8
19 72 0
19 73 11
19 74 0
19 75 10
19 76 3
19 77 1
19 78 0
19 79 7
19 80 15
19 81 13
19 82 0
20 21 0
20 22 14
20 23 6
20 24 15
20 25 3
20 26 0
20 27 10
20 28 11
20 29 8
20 30 14
20 31 15
20 32 7
20 33 6
20 34 9
20 35 12
20 36 0
20 37 5
20 38 3
20 39 4
20 40 7
20 41 7
20 42 13
20 43 1
20 44 0
20 45 12
20 46 1
20 47 7
20 48 3
20 49 8
20 50 13
20 51 7
20 52 8
20 53 2
20 54 5
20 55 5
20 56 15
20 57 3
20 58 0
20 59 0
20 60 9
20 61 15
20 62 14
20 63 8
20 64 5
20 65 11
20 66 14
20 67 13
20 68 7
20 69 4
20 70 7
20 71 12
20 72 14
20 73 1
20 74 12
20 75 2
20 76 3
20 77 10
20 78 4
20 79 3
20 80 1
20 81 15
20 82 12
21 22 12
21 23 8
21 24 6
21 25 14
21 26 12
21 27 8
21 28 6
21 29 9
21 30 9
21 31 10
21 32 9
21 33 3
21 34 14
21 35 13
21 36 5
21 37 14
21 38 14
21 39 7
21 40 1
21 41 2
21 42 13
21 43 7
21 44 2
21 45 1
21 46 14
21 47 5
21 48 13
21 49 0
21 50 15
21 51 7
21 52 14
21 53 8
21 54 14
21 55 15
21 56 9
21 57 10
21 58 3
21 59 14
21 60 13
21 61 7
21 62 13
21 63 14
21 64 2
21 65 1
21 66 3
21 67 8
21 68 3
21 69 15
21 70 6
21 71 7
21 72 1
21 73 12
21 74 15
21 75 13
21 76 6
21 77 10
21 78 13
21 79 11
21 80 7
21 81 6
21 82 14
22 23 3
22 24 7
22 25 7
22 26 10
22 27 8
22 28 14
22 29 13
22 30 15
22 31 5
22 32 3
22 33 12
22 34 4
22 35 6
22 36 4
22 37 11
22 38 9
22 39 4
22 40 8
22 41 12
22 42 7
22 43 15
22 44 7
22 45 6
22 46 2
22 47 9
22 48 3
22 49 3
22 50 0
22 51 10
22 52 9
22 53 2
22 54 8
22 55 9
22 56 12
22 57 15
22 58 12
22 59 8
22 60 10
22 61 2
22 62 2
22 63 0
22 64 3
22 65 11
22 66 4
22 67 8
22 68 8
22 69 5
22 70 3
22 71 8
22 72 8
22 73 4
22 74 5
22 75 11
22 76 13
22 77 12
22 78 0
22 79 4
22 80 6
22 81 15
22 82 2
23 24 11
23 25 10
23 26 11
23 27 5
23 28 6
23 29 4
23 30 14
23 31 10
23 32 10
23 33 0
23 34 0
23 35 4
23 36 12
23 37 1
23 38 7
23 39 0
23 40 0
23 41 3
23 42 3
23 43 3
23 44 9
23 45 15
23 46 12
23 47 13
23 48 2
23 49 0
23 50 6
23 51 3
23 52 4
23 53 4
23 54 8
23 55 10
23 56 12
23 57 7
23 58 1
23 59 3
23 60 14
23 61 6
23 62 1
23 63 13
23 64 11
23 65 1
23 66 0
23 67 13
23 68 8
23 69 3
23 70 2
23 71 14
23 72 11
23 73 6
23 74 4
23 75 8
23 76 2
23 77 11
23 78 6
23 79 15
23 80 1
23 81 1
23 82 14
24 25 2
24 26 9
24 27 13
24 28 2
24 29 7
24 30 13
24 31 0
24 32 3
24 33 7
24 34 2
24 35 0
24 36 8
24 37 8
24 38 13
24 39 1
24 40 2
24 41 6
24 42 7
24 43 7
24 44 6
24 45 11
24 46 14
24 47 5
24 48 11
24 49 1
24 50 4
24 51 6
24 52 0
24 53 3
24 54 6
24 55 7
24 56 6
24 57 13
24 58 1
24 59 7
24 60 10
24 61 13
24 62 8
24 63 5
24 64 6
24 65 14
24 66 12
24 67 8
24 68 15
24 69 7
24 70 13
24 71 5
24 72 13
24 73 10
24 74 10
24 75 1
24 76 3
24 77 0
24 78 14
24 79 9
24 80 7
24 81 15
24 82 4
25 26 1
25 27 0
25 28 7
25 29 11
25 30 7
25 31 9
25 32 4
25 33 9
25 34 8
25 35 11
25 36 12
25 37 8
25 38 4
25 39 7
25 40 14
25 41 4
25 42 9
25 43 8
25 44 14
25 45 7
25 46 6
25 47 11
25 48 11
25 49 9
25 50 12
25 51 3
25 52 7
25 53 9
25 54 14
25 55 0
25 56 11
25 57 14
25 58 15
25 59 10
25 60 4
25 61 14
25 62 11
25 63 8
25 64 7
25 65 3
25 66 1
25 67 12
25 68 8
25 69 10
25 70 3
25 71 11
25 72 1
25 73 12
25 74 1
25 75 5
25 76 5
25 77 11
25 78 3
25 79 8
25 80 11
25 81 13
25 82 15
26 27 12
26 28 9
26 29 3
26 30 14
26 31 4
26 32 1
26 33 11
26 34 10
26 35 3
26 36 7
26 37 5
26 38 0
26 39 7
26 40 7
26 41 4
26 42 3
26 43 7
26 44 9
26 45 0
26 46 14
26 47 12
26 48 2
26 49 7
26 50 0
26 51 10
26 52 3
26 53 3
26 54 9
26 55 0
26 56 10
26 57 10
26 58 2
26 59 11
26 60 14
26 61 11
26 62 9
26 63 13
26 64 2
26 65 13
26 66 7
26 67 2
26 68 6
26 69 4
26 70 8
26 71 0
26 72 14
26 73 2
26 74 1
26 75 14
26 76 2
26 77 9
26 78 2
26 79 6
26 80 12
26 81 4
26 82 8
27 28 15
27 29 0
27 30 15
27 31 7
27 32 8
27 33 15
27 34 11
27 35 10
27 36 11
27 37 6
27 38 10
27 39 5
27 40 3
27 41 12
27 42 0
27 43 4
27 44 2
27 45 14
27 46 4
27 47 14
27 48 2
27 49 1
27 50 0
27 51 1
27 52 2
27 53 13
27 54 0
27 55 9
27 56 11
27 57 7
27 58 2
27 59 8
27 60 5
27 61 2
27 62 9
27 63 12
27 64 8
27 65 0
27 66 1
27 67 9
27 68 10
27 69 13
27 70 5
27 71 6
27 72 14
27 73 8
27 74 15
27 75 15
27 76 15
27 77 8
27 78 10
27 79 7
27 80 8
27 81 8
27 82 9
28 29 8
28 30 6
28 31 11
28 32 2
28 33 10
28 34 5
28 35 6
28 36 12
28 37 6
28 38 14
28 39 12
28 40 10
28 41 14
28 42 13
28 43 11
28 44 14
28 45 2
28 46 3
28 47 4
28 48 10
28 49 3
28 50 13
28 51 6
28 52 10
28 53 1
28 54 3
28 55 13
28 56 9
28 57 7
28 58 15
28 59 14
28 60 3
28 61 12
28 62 10
28 63 14
28 64 7
28 65 15
28 66 12
28 67 10
28 68 8
28 69 7
28 70 11
28 71 7
28 72 13
28 73 2
28 74 14
28 75 5
28 76 3
28 77 0
28 78 6
28 79 4
28 80 2
28 81 6
28 82 14
29 30 1
29 31 8
29 32 5
29 33 11
29 34 1
29 35 6
29 36 15
29 37 11
29 38 15
29 39 14
29 40 12
29 41 5
29 42 0
29 43 12
29 44 15
29 45 13
29 46 10
29 47 12
29 48 14
29 49 0
29 50 5
29 51 3
29 52 0
29 53 9
29 54 6
29 55 1
29 56 7
29 57 6
29 58 4
29 59 5
29 60 12
29 61 6
29 62 10
29 63 10
29 64 15
29 65 6
29 66 7
29 67 0
29 68 8
29 69 2
29 70 10
29 71 15
29 72 11
29 73 6
29 74 6
29 75 2
29 76 2
29 77 6
29 78 13
29 79 7
29 80 0
29 81 10
29 82 3
30 31 3
30 32 6
30 33 6
30 34 0
30 35 8
30 36 10
30 37 5
30 38 1
30 39 4
30 40 15
30 41 3
30 42 4
30 43 15
30 44 15
30 45 9
30 46 4
30 47 2
30 48 6
30 49 9
30 50 0
30 51 7
30 52 3
30 53 9
30 54 15
30 55 4
30 56 5
30 57 6
30 58 6
30 59 7
30 60 12
30 61 3
30 62 13
30 63 2
30 64 10
30 65 7
30 66 12
30 67 5
30 68 8
30 69 4
30 70 2
30 71 4
30 72 9
30 73 4
30 74 2
30 75 11
30 76 12
30 77 8
30 78 6
30 79 4
30 80 7
30 81 5
30 82 13
31 32 10
31 33 1
31 34 10
31 35 6
31 36 6
31 37 12
31 38 15
31 39 14
31 40 2
31 41 1
31 42 3
31 43 2
31 44 0
31 45 4
31 46 4
31 47 2
31 48 8
31 49 2
31 50 2
31 51 5
31 52 7
31 53 11
31 54 1
31 55 13
31 56 12
31 57 13
31 58 11
31 59 12
31 60 2
31 61 8
31 62 5
31 63 15
31 64 9
31 65 11
31 66 13
31 67 12
31 68 6
31 69 12
31 70 10
31 71 0
31 72 0
31 73 5
31 74 14
31 75 3
31 76 2
31 77 14
31 78 0
31 79 8
31 80 9
31 81 6
31 82 8
32 33 9
32 34 4
32 35 8
32 36 12
32 37 9
32 38 0
32 39 15
32 40 6
32 41 3
32 42 0
32 43 4
32 44 15
32 45 8
32 46 7
32 47 2
32 48 15
32 49 14
32 50 8
32 51 8
32 52 4
32 53 5
32 54 15
32 55 8
32 56 14
32 57 10
32 58 12
32 59 2
32 60 13
32 61 12
32 62 12
32 63 4
32 64 8
32 65 11
32 66 9
32 67 14
32 68 5
32 69 13
32 70 2
32 71 6
32 72 3
32 73 11
32 74 2
32 75 15
32 76 6
32 77 9
32 78 3
32 79 8
32 80 0
32 81 13
32 82 2
33 34 2
33 35 5
33 36 11
33 37 2
33 38 2
33 39 5
33 40 5
33 41 11
33 42 5
33 43 13
33 44 0
33 45 13
33 46 5
33 47 13
33 48 6
33 49 4
33 50 7
33 51 2
33 52 2
33 53 2
33 54 12
33 55 0
33 56 7
33 57 12
33 58 4
33 59 5
33 60 15
33 61 6
33 62 6
33 63 14
33 64 11
33 65 3
33 66 12
33 67 2
33 68 14
33 69 9
33 70 5
33 71 13
33 72 7
33 73 2
33 74 4
33 75 10
33 76 13
33 77 1
33 78 5
33 79 3
33 80 14
33 81 0
33 82 8
34 35 10
34 36 15
34 37 7
34 38 12
34 39 2
34 40 4
34 41 7
34 42 14
34 43 8
34 44 3
34 45 13
34 46 11
34 47 0
34 48 7
34 49 0
34 50 3
34 51 8
34 52 8
34 53 15
34 54 12
34 55 15
34 56 0
34 57 5
34 58 5
34 59 11
34 60 2
34 61 11
34 62 6
34 63 13
34 64 7
34 65 13
34 66 7
34 67 13
34 68 3
34 69 5
34 70 8
34 71 1
34 72 1
34 73 1
34 74 1
34 75 13
34 76 9
34 77 0
34 78 4
34 79 15
34 80 2
34 81 13
34 82 7
35 36 8
35 37 7
35 38 5
35 39 4
35 40 4
35 41 9
35 42 6
35 43 7
35 44 12
35 45 15
35 46 4
35 47 0
35 48 10
35 49 0
35 50 7
35 51 8
35 52 14
35 53 8
35 54 12
35 55 4
35 56 14
35 57 5
35 58 2
35 59 6
35 60 1
35 61 6
35 62 7
35 63 15
35 64 13
35 65 2
35 66 1
35 67 12
35 68 5
35 69 7
35 70 4
35 71 13
35 72 4
35 73 14
35 74 3
35 75 15
35 76 14
35 77 8
35 78 15
35 79 7
35 80 14
35 81 14
35 82 1
36 37 3
36 38 5
36 39 3
36 40 11
36 41 4
36 42 14
36 43 8
36 44 12
36 45 9
36 46 3
36 47 6
36 48 9
36 49 4
36 50 11
36 51 6
36 52 15
36 53 10
36 54 6
36 55 7
36 56 5
36 57 4
36 58 13
36 59 3
36 60 10
36 61 7
36 62 10
36 63 0
36 64 12
36 65 3
36 66 9
36 67 11
36 68 9
36 69 11
36 70 10
36 71 2
36 72 5
36 73 3
36 74 5
36 75 7
36 76 15
36 77 6
36 78 14
36 79 14
36 80 9
36 81 14
36 82 10
37 38 5
37 39 14
37 40 2
37 41 3
37 42 11
37 43 13
37 44 13
37 45 11
37 46 2
37 47 6
37 48 11
37 49 4
37 50 15
37 51 14
37 52 2
37 53 2
37 54 8
37 55 6
37 56 15
37 57 10
37 58 8
37 59 5
37 60 11
37 61 0
37 62 14
37 63 8
37 64 8
37 65 12
37 66 5
37 67 5
37 68 3
37 69 14
37 70 8
37 71 11
37 72 13
37 73 10
37 74 8
37 75 8
37 76 6
37 77 3
37 78 9
37 79 9
37 80 12
37 81 15
37 82 6
38 39 1
38 40 1
38 41 6
38 42 7
38 43 10
38 44 5
38 45 11
38 46 12
38 47 2
38 48 14
38 49 1
38 50 6
38 51 15
38 52 8
38 53 15
38 54 2
38 55 0
38 56 3
38 57 10
38 58 9
38 59 9
38 60 14
38 61 6
38 62 14
38 63 0
38 64 2
38 65 0
38 66 13
38 67 15
38 68 7
38 69 1
38 70 14
38 71 8
38 72 7
38 73 9
38 74 13
38 75 5
38 76 5
38 77 1
38 78 13
38 79 9
38 80 8
38 81 10
38 82 6
39 40 5
39 41 15
39 42 0
39 43 1
39 44 9
39 45 0
39 46 2
39 47 8
39 48 13
39 49 15
39 50 4
39 51 1
39 52 0
39 53 15
39 54 4
39 55 15
39 56 4
39 57 12
39 58 14
39 59 14
39 60 10
39 61 2
39 62 14
39 63 7
39 64 10
39 65 6
39 66 2
39 67 11
39 68 4
39 69 11
39 70 5
39 71 10
39 72 12
39 73 8
39 74 8
39 75 15
39 76 15
39 77 14
39 78 8
39 79 4
39 80 8
39 81 2
39 82 0
40 41 14
40 42 10
40 43 0
40 44 14
40 45 5
40 46 7
40 47 8
40 48 8
40 49 6
40 50 3
40 51 14
40 52 0
40 53 1
40 54 13
40 55 6
40 56 10
40 57 1
40 58 0
40 59 4
40 60 4
40 61 1
40 62 6
40 63 9
40 64 3
40 65 9
40 66 1
40 67 12
40 68 0
40 69 3
40 70 4
40 71 11
40 72 2
40 73 4
40 74 8
40 75 1
40 76 4
40 77 12
40 78 15
40 79 10
40 80 5
40 81 8
40 82 2
41 42 6
41 43 2
41 44 1
41 45 0
41 46 8
41 47 14
41 48 9
41 49 8
41 50 10
41 51 4
41 52 8
41 53 2
41 54 2
41 55 6
41 56 9
41 57 4
41 58 9
41 59 10
41 60 12
41 61 7
41 62 11
41 63 10
41 64 9
41 65 0
41 66 13
41 67 9
41 68 11
41 69 15
41 70 15
41 71 7
41 72 15
41 73 2
41 74 2
41 75 3
41 76 3
41 77 8
41 78 6
41 79 10
41 80 9
41 81 12
41 82 14
42 43 13
42 44 6
42 45 0
42 46 10
42 47 7
42 48 7
42 49 13
42 50 13
42 51 7
42 52 6
42 53 14
42 54 12
42 55 1
42 56 14
42 57 12
42 58 4
42 59 11
42 60 2
42 61 2
42 62 15
42 63 6
42 64 12
42 65 13
42 66 5
42 67 9
42 68 10
42 69 6
42 70 11
42 71 15
42 72 1
42 73 2
42 74 6
42 75 13
42 76 11
42 77 9
42 78 0
42 79 3
42 80 13
42 81 5
42 82 7
43 44 15
43 45 12
43 46 14
43 47 9
43 48 4
43 49 15
43 50 0
43 51 7
43 52 3
43 53 12
43 54 14
43 55 5
43 56 10
43 57 6
43 58 4
43 59 5
43 60 7
43 61 7
43 62 4
43 63 10
43 64 9
43 65 5
43 66 9
43 67 11
43 68 2
43 69 15
43 70 8
43 71 1
43 72 15
43 73 1
43 74 11
43 75 0
43 76 9
43 77 0
43 78 6
43 79 9
43 80 8
43 81 5
43 82 2
44 45 0
44 46 3
44 47 10
44 48 7
44 49 10
44 50 11
44 51 0
44 52 8
44 53 11
44 54 4
44 55 5
44 56 15
44 57 4
44 58 14
44 59 12
44 60 14
44 61 9
44 62 6
44 63 3
44 64 4
44 65 14
44 66 10
44 67 3
44 68 0
44 69 12
44 70 6
44 71 11
44 72 14
44 73 11
44 74 14
44 75 5
44 76 15
44 77 10
44 78 10
44 79 1
44 80 14
44 81 0
44 82 3
45 46 8
45 47 0
45 48 3
45 49 1
45 50 6
45 51 7
45 52 4
45 53 15
45 54 8
45 55 0
45 56 9
45 57 10
45 58 3
45 59 15
45 60 14
45 61 0
45 62 10
45 63 5
45 64 4
45 65 9
45 66 9
45 67 9
45 68 8
45 69 1
45 70 9
45 71 14
45 72 3
45 73 14
45 74 2
45 75 13
45 76 3
45 77 11
45 78 0
45 79 13
45 80 14
45 81 6
45 82 4
46 47 5
46 48 12
46 49 6
46 50 11
46 51 14
46 52 1
46 53 14
46 54 8
46 55 14
46 56 13
46 57 9
46 58 15
46 59 0
46 60 7
46 61 0
46 62 8
46 63 13
46 64 2
46 65 15
46 66 5
46 67 8
46 68 14
46 69 11
46 70 13
46 71 3
46 72 8
46 73 3
46 74 10
46 75 8
46 76 9
46 77 3
46 78 1
46 79 14
46 80 11
46 81 3
46 82 3
47 48 14
47 49 11
47 50 11
47 51 11
47 52 6
47 53 9
47 54 15
47 55 8
47 56 11
47 57 15
47 58 10
47 59 14
47 60 3
47 61 0
47 62 14
47 63 10
47 64 11
47 65 1
47 66 6
47 67 3
47 68 6
47 69 15
47 70 12
47 71 15
47 72 5
47 73 3
47 74 0
47 75 14
47 76 9
47 77 8
47 78 6
47 79 10
47 80 13
47 81 5
47 82 4
48 49 4
48 50 6
48 51 5
48 52 6
48 53 14
48 54 6
48 55 5
48 56 6
48 57 11
48 58 15
48 59 12
48 60 1
48 61 8
48 62 2
48 63 12
48 64 11
48 65 2
48 66 8
48 67 4
48 68 10
48 69 6
48 70 0
48 71 9
48 72 3
48 73 1
48 74 7
48 75 15
48 76 13
48 77 15
48 78 9
48 79 9
48 80 9
48 81 5
48 82 3
49 50 8
49 51 10
49 52 5
49 53 6
49 54 9
49 55 0
49 56 6
49 57 11
49 58 3
49 59 8
49 60 11
49 61 5
49 62 11
49 63 7
49 64 5
49 65 3
49 66 13
49 67 5
49 68 2
49 69 1
49 70 3
49 71 6
49 72 8
49 73 7
49 74 13
49 75 8
49 76 6
49 77 10
49 78 14
49 79 12
49 80 15
49 81 3
49 82 9
50 51 9
50 52 5
50 53 3
50 54 14
50 55 3
50 56 12
50 57 9
50 58 13
50 59 7
50 60 10
50 61 15
50 62 0
50 63 15
50 64 15
50 65 14
50 66 2
50 67 13
50 68 13
50 69 9
50 70 8
50 71 3
50 72 12
50 73 13
50 74 15
50 75 6
50 76 5
50 77 9
50 78 13
50 79 6
50 80 1
50 81 9
50 82 5
51 52 15
51 53 2
51 54 6
51 55 2
51 56 5
51 57 9
51 58 10
51 59 5
51 60 10
51 61 9
51 62 1
51 63 3
51 64 14
51 65 9
51 66 3
51 67 4
51 68 13
51 69 3
51 70 9
51 71 4
51 72 5
51 73 10
51 74 13
51 75 6
51 76 4
51 77 6
51 78 7
51 79 15
51 80 7
51 81 15
51 82 12
52 53 14
52 54 5
52 55 11
52 56 4
52 57 2
52 58 10
52 59 12
52 60 10
52 61 7
52 62 7
52 63 0
52 64 14
52 65 8
52 66 15
52 67 2
52 68 6
52 69 3
52 70 3
52 71 7
52 72 15
52 73 14
52 74 15
52 75 0
52 76 6
52 77 2
52 78 4
52 79 11
52 80 12
52 81 6
52 82 12
53 54 15
53 55 13
53 56 2
53 57 8
53 58 0
53 59 13
53 60 4
53 61 14
53 62 5
53 63 7
53 64 0
53 65 0
53 66 2
53 67 10
53 68 6
53 69 6
53 70 1
53 71 6
53 72 15
53 73 9
53 74 9
53 75 8
53 76 3
53 77 4
53 78 11
53 79 13
53 80 7
53 81 12
53 82 13
54 55 2
54 56 10
54 57 0
54 58 6
54 59 3
54 60 14
54 61 14
54 62 4
54 63 7
54 64 0
54 65 8
54 66 10
54 67 7
54 68 11
54 69 13
54 70 2
54 71 11
54 72 6
54 73 1
54 74 10
54 75 7
54 76 14
54 77 5
54 78 11
54 79 12
54 80 15
54 81 9
54 82 14
55 56 9
55 57 0
55 58 7
55 59 12
55 60 2
55 61 3
55 62 12
55 63 2
55 64 8
55 65 8
55 66 1
55 67 11
55 68 3
55 69 14
55 70 5
55 71 1
55 72 6
55 73 13
55 74 11
55 75 7
55 76 7
55 77 1
55 78 7
55 79 4
55 80 14
55 81 5
55 82 3
56 57 6
56 58 11
56 59 3
56 60 13
56 61 3
56 62 14
56 63 10
56 64 8
56 65 1
56 66 7
56 67 5
56 68 6
56 69 11
56 70 15
56 71 8
56 72 13
56 73 13
56 74 6
56 75 14
56 76 13
56 77 13
56 78 4
56 79 4
56 80 7
56 81 4
56 82 7
57 58 0
57 59 12
57 60 11
57 61 5
57 62 8
57 63 13
57 64 10
57 65 4
57 66 3
57 67 4
57 68 14
57 69 15
57 70 5
57 71 4
57 72 12
57 73 12
57 74 14
57 75 1
57 76 14
57 77 14
57 78 13
57 79 4
57 80 2
57 81 5
57 82 12
58 59 13
58 60 10
58 61 1
58 62 10
58 63 10
58 64 9
58 65 10
58 66 9
58 67 14
58 68 2
58 69 0
58 70 5
58 71 13
58 72 6
58 73 12
58 74 11
58 75 15
58 76 12
58 77 9
58 78 9
58 79 6
58 80 4
58 81 15
58 82 0
59 60 2
59 61 0
59 62 2
59 63 4
59 64 6
59 65 11
59 66 12
59 67 6
59 68 4
59 69 6
59 70 5
59 71 3
59 72 1
59 73 9
59 74 6
59 75 1
59 76 4
59 77 2
59 78 0
59 79 15
59 80 7
59 81 11
59 82 7
60 61 2
60 62 15
60 63 14
60 64 0
60 65 3
60 66 4
60 67 11
60 68 2
60 69 14
60 70 0
60 71 11
60 72 4
60 73 2
60 74 6
60 75 1
60 76 11
60 77 3
60 78 12
60 79 5
60 80 0
60 81 14
60 82 8
61 62 5
61 63 11
61 64 0
61 65 1
61 66 14
61 67 9
61 68 13
61 69 15
61 70 11
61 71 12
61 72 9
61 73 5
61 74 14
61 75 12
61 76 1
61 77 4
61 78 13
61 79 9
61 80 9
61 81 10
61 82 6
62 63 14
62 64 10
62 65 3
62 66 5
62 67 15
62 68 12
62 69 14
62 70 1
62 71 6
62 72 10
62 73 3
62 74 13
62 75 3
62 76 1
62 77 14
62 78 7
62 79 15
62 80 11
62 81 15
62 82 13
63 64 8
63 65 0
63 66 6
63 67 9
63 68 12
63 69 7
63 70 4
63 71 11
63 72 4
63 73 2
63 74 9
63 75 13
63 76 9
63 77 7
63 78 10
63 79 9
63 80 10
63 81 8
63 82 4
64 65 14
64 66 1
64 67 10
64 68 9
64 69 2
64 70 15
64 71 13
64 72 7
64 73 0
64 74 9
64 75 13
64 76 0
64 77 4
64 78 9
64 79 0
64 80 14
64 81 3
64 82 12
65 66 7
65 67 8
65 68 13
65 69 6
65 70 10
65 71 10
65 72 15
65 73 4
65 74 1
65 75 15
65 76 0
65 77 9
65 78 9
65 79 6
65 80 9
65 81 13
65 82 1
66 67 2
66 68 8
66 69 0
66 70 11
66 71 9
66 72 14
66 73 11
66 74 0
66 75 3
66 76 13
66 77 11
66 78 0
66 79 0
66 80 9
66 81 10
66 82 10
67 68 7
67 69 6
67 70 11
67 71 4
67 72 5
67 73 6
67 74 11
67 75 3
67 76 9
67 77 13
67 78 1
67 79 15
67 80 2
67 81 3
67 82 2
68 69 4
68 70 15
68 71 14
68 72 4
68 73 11
68 74 1
68 75 0
68 76 2
68 77 13
68 78 13
68 79 5
68 80 7
68 81 6
68 82 9
69 70 5
69 71 8
69 72 2
69 73 5
69 74 14
69 75 0
69 76 9
69 77 1
69 78 1
69 79 3
69 80 0
69 81 11
69 82 7
70 71 14
70 72 7
70 73 2
70 74 9
70 75 6
70 76 12
70 77 13
70 78 6
70 79 4
70 80 0
70 81 8
70 82 12
71 72 10
71 73 7
71 74 4
71 75 13
71 76 0
71 77 11
71 78 15
71 79 8
71 80 11
71 81 13
71 82 2
72 73 7
72 74 9
72 75 15
72 76 7
72 77 13
72 78 1
72 79 15
72 80 1
72 81 12
72 82 4
73 74 2
73 75 11
73 76 8
73 77 3
73 78 4
73 79 14
73 80 4
73 81 1
73 82 4
74 75 13
74 76 15
74 77 7
74 78 14
74 79 9
74 80 10
74 81 0
74 82 10
75 76 11
75 77 13
75 78 12
75 79 8
75 80 7
75 81 14
75 82 0
76 77 0
76 78 0
76 79 4
76 80 3
76 81 2
76 82 13
77 78 10
77 79 0
77 80 2
77 81 10
77 82 7
78 79 3
78 80 9
78 81 1
78 82 6
79 80 4
79 81 6
79 82 6
80 81 0
80 82 9
81 82 15
1936 7482
1 2
1 45
1 46
2 45
2 3
2 46
2 47
3 46
3 4
3 47
3 48
4 47
4 5
4 48
4 49
5 48
5 6
5 49
5 50
6 49
6 7
6 50
6 51
7 50
7 8
7 51
7 52
8 51
8 9
8 52
8 53
9 52
9 10
9 53
9 54
10 53
10 11
10 54
10 55
11 54
11 12
11 55
11 56
12 55
12 13
12 56
12 57
13 56
13 14
13 57
13 58
14 57
14 15
14 58
14 59
15 58
15 16
15 59
15 60
16 59
16 17
16 60
16 61
17 60
17 18
17 61
17 62
18 61
18 19
18 62
18 63
19 62
19 20
19 63
19 64
20 63
20 21
20 64
20 65
21 64
21 22
21 65
21 66
22 65
22 23
22 66
22 67
23 66
23 24
23 67
23 68
24 67
24 25
24 68
24 69
25 68
25 26
25 69
25 70
26 69
26 27
26 70
26 71
27 70
27 28
27 71
27 72
28 71
28 29
28 72
28 73
29 72
29 30
29 73
29 74
30 73
30 31
30 74
30 75
31 74
31 32
31 75
31 76
32 75
32 33
32 76
32 77
33 76
33 34
33 77
33 78
34 77
34 35
34 78
34 79
35 78
35 36
35 79
35 80
36 79
36 37
36 80
36 81
37 80
37 38
37 81
37 82
38 81
38 39
38 82
38 83
39 82
39 40
39 83
39 84
40 83
40 41
40 84
40 85
41 84
41 42
41 85
41 86
42 85
42 43
42 86
42 87
43 86
43 44
43 87
43 88
44 87
45 46
45 89
45 90
46 89
46 47
46 90
46 91
47 90
47 48
47 91
47 92
48 91
48 49
48 92
48 93
49 92
49 50
49 93
49 94
50 93
50 51
50 94
50 95
51 94
51 52
51 95
51 96
52 95
52 53
52 96
52 97
53 96
53 54
53 97
53 98
54 97
54 55
54 98
54 99
55 98
55 56
55 99
55 100
56 99
56 57
56 100
56 101
57 100
57 58
57 101
57 102
58 101
58 59
58 102
58 103
59 102
59 60
59 103
59 104
60 103
60 61
60 104
60 105
61 104
61 62
61 105
61 106
62 105
62 63
62 106
62 107
63 106
63 64
63 107
63 108
64 107
64 65
64 108
64 109
65 108
65 66
65 109
65 110
66 109
66 67
66 110
66 111
67 110
67 68
67 111
67 112
68 111
68 69
68 112
68 113
69 112
69 70
69 113
69 114
70 113
70 71
70 114
70 115
71 114
71 72
71 115
71 116
72 115
72 73
72 116
72 117
73 116
73 74
73 117
73 118
74 117
74 75
74 118
74 119
75 118
75 76
75 119
75 120
76 119
76 77
76 120
76 121
77 120
77 78
77 121
77 122
78 121
78 79
78 122
78 123
79 122
79 80
79 123
79 124
80 123
80 81
80 124
80 125
81 124
81 82
81 125
81 126
82 125
82 83
82 126
82 127
83 126
83 84
83 127
83 128
84 127
84 85
84 128
84 129
85 128
85 86
85 129
85 130
86 129
86 87
86 130
86 131
87 130
87 88
87 131
87 132
88 131
89 90
89 133
89 134
90 133
90 91
90 134
90 135
91 134
91 92
91 135
91 136
92 135
92 93
92 136
92 137
93 136
93 94
93 137
93 138
94 137
94 95
94 138
94 139
95 138
95 96
95 139
95 140
96 139
96 97
96 140
96 141
97 140
97 98
97 141
97 142
98 141
98 99
98 142
98 143
99 142
99 100
99 143
99 144
100 143
100 101
100 144
100 145
101 144
101 102
101 145
101 146
102 145
102 103
102 146
102 147
103 146
103 104
103 147
103 148
104 147
104 105
104 148
104 149
105 148
105 106
105 149
105 150
106 149
106 107
106 150
106 151
107 150
107 108
107 151
107 152
108 151
108 109
108 152
108 153
109 152
109 110
109 153
109 154
110 153
110 111
110 154
110 155
111 154
111 112
111 155
111 156
112 155
112 113
112 156
112 157
113 156
113 114
113 157
113 158
114 157
114 115
114 158
114 159
115 158
115 116
115 159
115 160
116 159
116 117
116 160
116 161
117 160
117 118
117 161
117 162
118 161
118 119
118 162
118 163
119 162
119 120
119 163
119 164
120 163
120 121
120 164
120 165
121 164
121 122
121 165
121 166
122 165
122 123
122 166
122 167
123 166
123 124
123 167
123 168
124 167
124 125
124 168
124 169
125 168
125 126
125 169
125 170
126 169
126 127
126 170
126 171
127 170
127 128
127 171
127 172
128 171
128 129
128 172
128 173
129 172
129 130
129 173
129 174
130 173
130 131
130 174
130 175
131 174
131 132
131 175
131 176
132 175
133 134
133 177
133 178
134 177
134 135
134 178
134 179
135 178
135 136
135 179
135 180
136 179
136 137
136 180
136 181
137 180
137 138
137 181
137 182
138 181
138 139
138 182
138 183
139 182
139 140
139 183
139 184
140 183
140 141
140 184
140 185
141 184
141 142
141 185
141 186
142 185
142 143
142 186
142 187
143 186
143 144
143 187
143 188
144 187
144 145
144 188
144 189
145 188
145 146
145 189
145 190
146 189
146 147
146 190
146 191
147 190
147 148
147 191
147 192
148 191
148 149
148 192
148 193
149 192
149 150
149 193
149 194
150 193
150 151
150 194
150 195
151 194
151 152
151 195
151 196
152 195
152 153
152 196
152 197
153 196
153 154
153 197
153 198
154 197
154 155
154 198
154 199
155 198
155 156
155 199
155 200
156 199
156 157
156 200
156 201
157 200
157 158
157 201
157 202
158 201
158 159
158 202
158 203
159 202
159 160
159 203
159 204
160 203
160 161
160 204
160 205
161 204
161 162
161 205
161 206
162 205
162 163
162 206
162 207
163 206
163 164
163 207
163 208
164 207
164 165
164 208
164 209
165 208
165 166
165 209
165 210
166 209
166 167
166 210
166 211
167 210
167 168
167 211
167 212
168 211
168 169
168 212
168 213
169 212
169 170
169 213
169 214
170 213
170 171
170 214
170 215
171 214
171 172
171 215
171 216
172 215
172 173
172 216
172 217
173 216
173 174
173 217
173 218
174 217
174 175
174 218
174 219
175 218
175 176
175 219
175 220
176 219
177 178
177 221
177 222
178 221
178 179
178 222
178 223
179 222
179 180
179 223
179 224
180 223
180 181
180 224
180 225
181 224
181 182
181 225
181 226
182 225
182 183
182 226
182 227
183 226
183 184
183 227
183 228
184 227
184 185
184 228
184 229
185 228
185 186
185 229
185 230
186 229
186 187
186 230
186 231
187 230
187 188
187 231
187 232
188 231
188 189
188 232
188 233
189 232
189 190
189 233
189 234
190 233
190 191
190 234
190 235
191 234
191 192
191 235
191 236
192 235
192 193
192 236
192 237
193 236
193 194
193 237
193 238
194 237
194 195
194 238
194 239
195 238
195 196
195 239
195 240
196 239
196 197
196 240
196 241
197 240
197 198
197 241
197 242
198 241
198 199
198 242
198 243
199 242
199 200
199 243
199 244
200 243
200 201
200 244
200 245
201 244
201 202
201 245
201 246
202 245
202 203
202 246
202 247
203 246
203 204
203 247
203 248
204 247
204 205
204 248
204 249
205 248
205 206
205 249
205 250
206 249
206 207
206 250
206 251
207 250
207 208
207 251
207 252
208 251
208 209
208 252
208 253
209 252
209 210
209 253
209 254
210 253
210 211
210 254
210 255
211 254
211 212
211 255
211 256
212 255
212 213
212 256
212 257
213 256
213 214
213 257
213 258
214 257
214 215
214 258
214 259
215 258
215 216
215 259
215 260
216 259
216 217
216 260
216 261
217 260
217 218
217 261
217 262
218 261
218 219
218 262
218 263
219 262
219 220
219 263
219 264
220 263
221 222
221 265
221 266
222 265
222 223
222 266
222 267
223 266
223 224
223 267
223 268
224 267
224 225
224 268
224 269
225 268
225 226
225 269
225 270
226 269
226 227
226 270
226 271
227 270
227 228
227 271
227 272
228 271
228 229
228 272
228 273
229 272
229 230
229 273
229 274
230 273
230 231
230 274
230 275
231 274
231 232
231 275
231 276
232 275
232 233
232 276
232 277
233 276
233 234
233 277
233 278
234 277
234 235
234 278
234 279
235 278
235 236
235 279
235 280
236 279
236 237
236 280
236 281
237 280
237 238
237 281
237 282
238 281
238 239
238 282
238 283
239 282
239 240
239 283
239 284
240 283
240 241
240 284
240 285
241 284
241 242
241 285
241 286
242 285
242 243
242 286
242 287
243 286
243 244
243 287
243 288
244 287
244 245
244 288
244 289
245 288
245 246
245 289
245 290
246 289
246 247
246 290
246 291
247 290
247 248
247 291
247 292
248 291
248 249
248 292
248 293
249 292
249 250
249 293
249 294
250 293
250 251
250 294
250 295
251 294
251 252
251 295
251 296
252 295
252 253
252 296
252 297
253 296
253 254
253 297
253 298
254 297
254 255
254 298
254 299
255 298
255 256
255 299
255 300
256 299
256 257
256 300
256 301
257 300
257 258
257 301
257 302
258 301
258 259
258 302
258 303
259 302
259 260
259 303
259 304
260 303
260 261
260 304
260 305
261 304
261 262
261 305
261 306
262 305
262 263
262 306
262 307
263 306
263 264
263 307
263 308
264 307
265 266
265 309
265 310
266 309
266 267
266 310
266 311
267 310
267 268
267 311
267 312
268 311
268 269
268 312
268 313
269 312
269 270
269 313
269 314
270 313
270 271
270 314
270 315
271 314
271 272
271 315
271 316
272 315
272 273
272 316
272 317
273 316
273 274
273 317
273 318
274 317
274 275
274 318
274 319
275 318
275 276
275 319
275 320
276 319
276 277
276 320
276 321
277 320
277 278
277 321
277 322
278 321
278 279
278 322
278 323
279 322
279 280
279 323
279 324
280 323
280 281
280 324
280 325
281 324
281 282
281 325
281 326
282 325
282 283
282 326
282 327
283 326
283 284
283 327
283 328
284 327
284 285
284 328
284 329
285 328
285 286
285 329
285 330
286 329
286 287
286 330
286 331
287 330
287 288
287 331
287 332
288 331
288 289
288 332
288 333
289 332
289 290
289 333
289 334
290 333
290 291
290 334
290 335
291 334
291 292
291 335
291 336
292 335
292 293
292 336
292 337
293 336
293 294
293 337
293 338
294 337
294 295
294 338
294 339
295 338
295 296
295 339
295 340
296 339
296 297
296 340
296 341
297 340
297 298
297 341
297 342
298 341
298 299
298 342
298 343
299 342
299 300
299 343
299 344
300 343
300 301
300 344
300 345
301 344
301 302
301 345
301 346
302 345
302 303
302 346
302 347
303 346
303 304
303 347
303 348
304 347
304 305
304 348
304 349
305 348
305 306
305 349
305 350
306 349
306 307
306 350
306 351
307 350
307 308
307 351
307 352
308 351
309 310
309 353
309 354
310 353
310 311
310 354
310 355
311 354
311 312
311 355
311 356
312 355
312 313
312 356
312 357
313 356
313 314
313 357
313 358
314 357
314 315
314 358
314 359
315 358
315 316
315 359
315 360
316 359
316 317
316 360
316 361
317 360
317 318
317 361
317 362
318 361
318 319
318 362
318 363
319 362
319 320
319 363
319 364
320 363
320 321
320 364
320 365
321 364
321 322
321 365
321 366
322 365
322 323
322 366
322 367
323 366
323 324
323 367
323 368
324 367
324 325
324 368
324 369
325 368
325 326
325 369
325 370
326 369
326 327
326 370
326 371
327 370
327 328
327 371
327 372
328 371
328 329
328 372
328 373
329 372
329 330
329 373
329 374
330 373
330 331
330 374
330 375
331 374
331 332
331 375
331 376
332 375
332 333
332 376
332 377
333 376
333 334
333 377
333 378
334 377
334 335
334 378
334 379
335 378
335 336
335 379
335 380
336 379
336 337
336 380
336 381
337 380
337 338
337 381
337 382
338 381
338 339
338 382
338 383
339 382
339 340
339 383
339 384
340 383
340 341
340 384
340 385
341 384
341 342
341 385
341 386
342 385
342 343
342 386
342 387
343 386
343 344
343 387
343 388
344 387
344 345
344 388
344 389
345 388
345 346
345 389
345 390
346 389
346 347
346 390
346 391
347 390
347 348
347 391
347 392
348 391
348 349
348 392
348 393
349 392
349 350
349 393
349 394
350 393
350 351
350 394
350 395
351 394
351 352
351 395
351 396
352 395
353 354
353 397
353 398
354 397
354 355
354 398
354 399
355 398
355 356
355 399
355 400
356 399
356 357
356 400
356 401
357 400
357 358
357 401
357 402
358 401
358 359
358 402
358 403
359 402
359 360
359 403
359 404
360 403
360 361
360 404
360 405
361 404
361 362
361 405
361 406
362 405
362 363
362 406
362 407
363 406
363 364
363 407
363 408
364 407
364 365
364 408
364 409
365 408
365 366
365 409
365 410
366 409
366 367
366 410
366 411
367 410
367 368
367 411
367 412
368 411
368 369
368 412
368 413
369 412
369 370
369 413
369 414
370 413
370 371
370 414
370 415
371 414
371 372
371 415
371 416
372 415
372 373
372 416
372 417
373 416
373 374
373 417
373 418
374 417
374 375
374 418
374 419
375 418
375 376
375 419
375 420
376 419
376 377
376 420
376 421
377 420
377 378
377 421
377 422
378 421
378 379
378 422
378 423
379 422
379 380
379 423
379 424
380 423
380 381
380 424
380 425
381 424
381 382
381 425
381 426
382 425
382 383
382 426
382 427
383 426
383 384
383 427
383 428
384 427
384 385
384 428
384 429
385 428
385 386
385 429
385 430
386 429
386 387
386 430
386 431
387 430
387 388
387 431
387 432
388 431
388 389
388 432
388 433
389 432
389 390
389 433
389 434
390 433
390 391
390 434
390 435
391 434
391 392
391 435
391 436
392 435
392 393
392 436
392 437
393 436
393 394
393 437
393 438
394 437
394 395
394 438
394 439
395 438
395 396
395 439
395 440
396 439
397 398
397 441
397 442
398 441
398 399
398 442
398 443
399 442
399 400
399 443
399 444
400 443
400 401
400 444
400 445
401 444
401 402
401 445
401 446
402 445
402 403
402 446
402 447
403 446
403 404
403 447
403 448
404 447
404 405
404 448
404 449
405 448
405 406
405 449
405 450
406 449
406 407
406 450
406 451
407 450
407 408
407 451
407 452
408 451
408 409
408 452
408 453
409 452
409 410
409 453
409 454
410 453
410 411
410 454
410 455
411 454
411 412
411 455
411 456
412 455
412 413
412 456
412 457
413 456
413 414
413 457
413 458
414 457
414 415
414 458
414 459
415 458
415 416
415 459
415 460
416 459
416 417
416 460
416 461
417 460
417 418
417 461
417 462
418 461
418 419
418 462
418 463
419 462
419 420
419 463
419 464
420 463
420 421
420 464
420 465
421 464
421 422
421 465
421 466
422 465
422 423
422 466
422 467
423 466
423 424
423 467
423 468
424 467
424 425
424 468
424 469
425 468
425 426
425 469
425 470
426 469
426 427
426 470
426 471
427 470
427 428
427 471
427 472
428 471
428 429
428 472
428 473
429 472
429 430
429 473
429 474
430 473
430 431
430 474
430 475
431 474
431 432
431 475
431 476
432 475
432 433
432 476
432 477
433 476
433 434
433 477
433 478
434 477
434 435
434 478
434 479
435 478
435 436
435 479
435 480
436 479
436 437
436 480
436 481
437 480
437 438
437 481
437 482
438 481
438 439
438 482
438 483
439 482
439 440
439 483
439 484
440 483
441 442
441 485
441 486
442 485
442 443
442 486
442 487
443 486
443 444
443 487
443 488
444 487
444 445
444 488
444 489
445 488
445 446
445 489
445 490
446 489
446 447
446 490
446 491
447 490
447 448
447 491
447 492
448 491
448 449
448 492
448 493
449 492
449 450
449 493
449 494
450 493
450 451
450 494
450 495
451 494
451 452
451 495
451 496
452 495
452 453
452 496
452 497
453 496
453 454
453 497
453 498
454 497
454 455
454 498
454 499
455 498
455 456
455 499
455 500
456 499
456 457
456 500
456 501
457 500
457 458
457 501
457 502
458 501
458 459
458 502
458 503
459 502
459 460
459 503
459 504
460 503
460 461
460 504
460 505
461 504
461 462
461 505
461 506
462 505
462 463
462 506
462 507
463 506
463 464
463 507
463 508
464 507
464 465
464 508
464 509
465 508
465 466
465 509
465 510
466 509
466 467
466 510
466 511
467 510
467 468
467 511
467 512
468 511
468 469
468 512
468 513
469 512
469 470
469 513
469 514
470 513
470 471
470 514
470 515
471 514
471 472
471 515
471 516
472 515
472 473
472 516
472 517
473 516
473 474
473 517
473 518
474 517
474 475
474 518
474 519
475 518
475 476
475 519
475 520
476 519
476 477
476 520
476 521
477 520
477 478
477 521
477 522
478 521
478 479
478 522
478 523
479 522
479 480
479 523
479 524
480 523
480 481
480 524
480 525
481 524
481 482
481 525
481 526
482 525
482 483
482 526
482 527
483 526
483 484
483 527
483 528
484 527
485 486
485 529
485 530
486 529
486 487
486 530
486 531
487 530
487 488
487 531
487 532
488 531
488 489
488 532
488 533
489 532
489 490
489 533
489 534
490 533
490 491
490 534
490 535
491 534
491 492
491 535
491 536
492 535
492 493
492 536
492 537
493 536
493 494
493 537
493 538
494 537
494 495
494 538
494 539
495 538
495 496
495 539
495 540
496 539
496 497
496 540
496 541
497 540
497 498
497 541
497 542
498 541
498 499
498 542
498 543
499 542
499 500
499 543
499 544
500 543
500 501
500 544
500 545
501 544
501 502
501 545
501 546
502 545
502 503
502 546
502 547
503 546
503 504
503 547
503 548
504 547
504 505
504 548
504 549
505 548
505 506
505 549
505 550
506 549
506 507
506 550
506 551
507 550
507 508
507 551
507 552
508 551
508 509
508 552
508 553
509 552
509 510
509 553
509 554
510 553
510 511
510 554
510 555
511 554
511 512
511 555
511 556
512 555
512 513
512 556
512 557
513 556
513 514
513 557
513 558
514 557
514 515
514 558
514 559
515 558
515 516
515 559
515 560
516 559
516 517
516 560
516 561
517 560
517 518
517 561
517 562
518 561
518 519
518 562
518 563
519 562
519 520
519 563
519 564
520 563
520 521
520 564
520 565
521 564
521 522
521 565
521 566
522 565
522 523
522 566
522 567
523 566
523 524
523 567
523 568
524 567
524 525
524 568
524 569
525 568
525 526
525 569
525 570
526 569
526 527
526 570
526 571
527 570
527 528
527 571
527 572
528 571
529 530
529 573
529 574
530 573
530 531
530 574
530 575
531 574
531 532
531 575
531 576
532 575
532 533
532 576
532 577
533 576
533 534
533 577
533 578
534 577
534 535
534 578
534 579
535 578
535 536
535 579
535 580
536 579
536 537
536 580
536 581
537 580
537 538
537 581
537 582
538 581
538 539
538 582
538 583
539 582
539 540
539 583
539 584
540 583
540 541
540 584
540 585
541 584
541 542
541 585
541 586
542 585
542 543
542 586
542 587
543 586
543 544
543 587
543 588
544 587
544 545
544 588
544 589
545 588
545 546
545 589
545 590
546 589
546 547
546 590
546 591
547 590
547 548
547 591
547 592
548 591
548 549
548 592
548 593
549 592
549 550
549 593
549 594
550 593
550 551
550 594
550 595
551 594
551 552
551 595
551 596
552 595
552 553
552 596
552 597
553 596
553 554
553 597
553 598
554 597
554 555
554 598
554 599
555 598
555 556
555 599
555 600
556 599
556 557
556 600
556 601
557 600
557 558
557 601
557 602
558 601
558 559
558 602
558 603
559 602
559 560
559 603
559 604
560 603
560 561
560 604
560 605
561 604
561 562
561 605
561 606
562 605
562 563
562 606
562 607
563 606
563 564
563 607
563 608
564 607
564 565
564 608
564 609
565 608
565 566
565 609
565 610
566 609
566 567
566 610
566 611
567 610
567 568
567 611
567 612
568 611
568 569
568 612
568 613
569 612
569 570
569 613
569 614
570 613
570 571
570 614
570 615
571 614
571 572
571 615
571 616
572 615
573 574
573 617
573 618
574 617
574 575
574 618
574 619
575 618
575 576
575 619
575 620
576 619
576 577
576 620
576 621
577 620
577 578
577 621
577 622
578 621
578 579
578 622
578 623
579 622
579 580
579 623
579 624
580 623
580 581
580 624
580 625
581 624
581 582
581 625
581 626
582 625
582 583
582 626
582 627
583 626
583 584
583 627
583 628
584 627
584 585
584 628
584 629
585 628
585 586
585 629
585 630
586 629
586 587
586 630
586 631
587 630
587 588
587 631
587 632
588 631
588 589
588 632
588 633
589 632
589 590
589 633
589 634
590 633
590 591
590 634
590 635
591 634
591 592
591 635
591 636
592 635
592 593
592 636
592 637
593 636
593 594
593 637
593 638
594 637
594 595
594 638
594 639
595 638
595 596
595 639
595 640
596 639
596 597
596 640
596 641
597 640
597 598
597 641
597 642
598 641
598 599
598 642
598 643
599 642
599 600
599 643
599 644
600 643
600 601
600 644
600 645
601 644
601 602
601 645
601 646
602 645
602 603
602 646
602 647
603 646
603 604
603 647
603 648
604 647
604 605
604 648
604 649
605 648
605 606
605 649
605 650
606 649
606 607
606 650
606 651
607 650
607 608
607 651
607 652
608 651
608 609
608 652
608 653
609 652
609 610
609 653
609 654
610 653
610 611
610 654
610 655
611 654
611 612
611 655
611 656
612 655
612 613
612 656
612 657
613 656
613 614
613 657
613 658
614 657
614 615
614 658
614 659
615 658
615 616
615 659
615 660
616 659
617 618
617 661
617 662
618 661
618 619
618 662
618 663
619 662
619 620
619 663
619 664
620 663
620 621
620 664
620 665
621 664
621 622
621 665
621 666
622 665
622 623
622 666
622 667
623 666
623 624
623 667
623 668
624 667
624 625
624 668
624 669
625 668
625 626
625 669
625 670
626 669
626 627
626 670
626 671
627 670
627 628
627 671
627 672
628 671
628 629
628 672
628 673
629 672
629 630
629 673
629 674
630 673
630 631
630 674
630 675
631 674
631 632
631 675
631 676
632 675
632 633
632 676
632 677
633 676
633 634
633 677
633 678
634 677
634 635
634 678
634 679
635 678
635 636
635 679
635 680
636 679
636 637
636 680
636 681
637 680
637 638
637 681
637 682
638 681
638 639
638 682
638 683
639 682
639 640
639 683
639 684
640 683
640 641
640 684
640 685
641 684
641 642
641 685
641 686
642 685
642 643
642 686
642 687
643 686
643 644
643 687
643 688
644 687
644 645
644 688
644 689
645 688
645 646
645 689
645 690
646 689
646 647
646 690
646 691
647 690
647 648
647 691
647 692
648 691
648 649
648 692
648 693
649 692
649 650
649 693
649 694
650 693
650 651
650 694
650 695
651 694
651 652
651 695
651 696
652 695
652 653
652 696
652 697
653 696
653 654
653 697
653 698
654 697
654 655
654 698
654 699
655 698
655 656
655 699
655 700
656 699
656 657
656 700
656 701
657 700
657 658
657 701
657 702
658 701
658 659
658 702
658 703
659 702
659 660
659 703
659 704
660 703
661 662
661 705
661 706
662 705
662 663
662 706
662 707
663 706
663 664
663 707
663 708
664 707
664 665
664 708
664 709
665 708
665 666
665 709
665 710
666 709
666 667
666 710
666 711
667 710
667 668
667 711
667 712
668 711
668 669
668 712
668 713
669 712
669 670
669 713
669 714
670 713
670 671
670 714
670 715
671 714
671 672
671 715
671 716
672 715
672 673
672 716
672 717
673 716
673 674
673 717
673 718
674 717
674 675
674 718
674 719
675 718
675 676
675 719
675 720
676 719
676 677
676 720
676 721
677 720
677 678
677 721
677 722
678 721
678 679
678 722
678 723
679 722
679 680
679 723
679 724
680 723
680 681
680 724
680 725
681 724
681 682
681 725
681 726
682 725
682 683
682 726
682 727
683 726
683 684
683 727
683 728
684 727
684 685
684 728
684 729
685 728
685 686
685 729
685 730
686 729
686 687
686 730
686 731
687 730
687 688
687 731
687 732
688 731
688 689
688 732
688 733
689 732
689 690
689 733
689 734
690 733
690 691
690 734
690 735
691 734
691 692
691 735
691 736
692 735
692 693
692 736
692 737
693 736
693 694
693 737
693 738
694 737
694 695
694 738
694 739
695 738
695 696
695 739
695 740
696 739
696 697
696 740
696 741
697 740
697 698
697 741
697 742
698 741
698 699
698 742
698 743
699 742
699 700
699 743
699 744
700 743
700 701
700 744
700 745
701 744
701 702
701 745
701 746
702 745
702 703
702 746
702 747
703 746
703 704
703 747
703 748
704 747
705 706
705 749
705 750
706 749
706 707
706 750
706 751
707 750
707 708
707 751
707 752
708 751
708 709
708 752
708 753
709 752
709 710
709 753
709 754
710 753
710 711
710 754
710 755
711 754
711 712
711 755
711 756
712 755
712 713
712 756
712 757
713 756
713 714
713 757
713 758
714 757
714 715
714 758
714 759
715 758
715 716
715 759
715 760
716 759
716 717
716 760
716 761
717 760
717 718
717 761
717 762
718 761
718 719
718 762
718 763
719 762
719 720
719 763
719 764
720 763
720 721
720 764
720 765
721 764
721 722
721 765
721 766
722 765
722 723
722 766
722 767
723 766
723 724
723 767
723 768
724 767
724 725
724 768
724 769
725 768
725 726
725 769
725 770
726 769
726 727
726 770
726 771
727 770
727 728
727 771
727 772
728 771
728 729
728 772
728 773
729 772
729 730
729 773
729 774
730 773
730 731
730 774
730 775
731 774
731 732
731 775
731 776
732 775
732 733
732 776
732 777
733 776
733 734
733 777
733 778
734 777
734 735
734 778
734 779
735 778
735 736
735 779
735 780
736 779
736 737
736 780
736 781
737 780
737 738
737 781
737 782
738 781
738 739
738 782
738 783
739 782
739 740
739 783
739 784
740 783
740 741
740 784
740 785
741 784
741 742
741 785
741 786
742 785
742 743
742 786
742 787
743 786
743 744
743 787
743 788
744 787
744 745
744 788
744 789
745 788
745 746
745 789
745 790
746 789
746 747
746 790
746 791
747 790
747 748
747 791
747 792
748 791
749 750
749 793
749 794
750 793
750 751
750 794
750 795
751 794
751 752
751 795
751 796
752 795
752 753
752 796
752 797
753 796
753 754
753 797
753 798
754 797
754 755
754 798
754 799
755 798
755 756
755 799
755 800
756 799
756 757
756 800
756 801
757 800
757 758
757 801
757 802
758 801
758 759
758 802
758 803
759 802
759 760
759 803
759 804
760 803
760 761
760 804
760 805
761 804
761 762
761 805
761 806
762 805
762 763
762 806
762 807
763 806
763 764
763 807
763 808
764 807
764 765
764 808
764 809
765 808
765 766
765 809
765 810
766 809
766 767
766 810
766 811
767 810
767 768
767 811
767 812
768 811
768 769
768 812
768 813
769 812
769 770
769 813
769 814
770 813
770 771
770 814
770 815
771 814
771 772
771 815
771 816
772 815
772 773
772 816
772 817
773 816
773 774
773 817
773 818
774 817
774 775
774 818
774 819
775 818
775 776
775 819
775 820
776 819
776 777
776 820
776 821
777 820
777 778
777 821
777 822
778 821
778 779
778 822
778 823
779 822
779 780
779 823
779 824
780 823
780 781
780 824
780 825
781 824
781 782
781 825
781 826
782 825
782 783
782 826
782 827
783 826
783 784
783 827
783 828
784 827
784 785
784 828
784 829
785 828
785 786
785 829
785 830
786 829
786 787
786 830
786 831
787 830
787 788
787 831
787 832
788 831
788 789
788 832
788 833
789 832
789 790
789 833
789 834
790 833
790 791
790 834
790 835
791 834
791 792
791 835
791 836
792 835
793 794
793 837
793 838
794 837
794 795
794 838
794 839
795 838
795 796
795 839
795 840
796 839
796 797
796 840
796 841
797 840
797 798
797 841
797 842
798 841
798 799
798 842
798 843
799 842
799 800
799 843
799 844
800 843
800 801
800 844
800 845
801 844
801 802
801 845
801 846
802 845
802 803
802 846
802 847
803 846
803 804
803 847
803 848
804 847
804 805
804 848
804 849
805 848
805 806
805 849
805 850
806 849
806 807
806 850
806 851
807 850
807 808
807 851
807 852
808 851
808 809
808 852
808 853
809 852
809 810
809 853
809 854
810 853
810 811
810 854
810 855
811 854
811 812
811 855
811 856
812 855
812 813
812 856
812 857
813 856
813 814
813 857
813 858
814 857
814 815
814 858
814 859
815 858
815 816
815 859
815 860
816 859
816 817
816 860
816 861
817 860
817 818
817 861
817 862
818 861
818 819
818 862
818 863
819 862
819 820
819 863
819 864
820 863
820 821
820 864
820 865
821 864
821 822
821 865
821 866
822 865
822 823
822 866
822 867
823 866
823 824
823 867
823 868
824 867
824 825
824 868
824 869
825 868
825 826
825 869
825 870
826 869
826 827
826 870
826 871
827 870
827 828
827 871
827 872
828 871
828 829
828 872
828 873
829 872
829 830
829 873
829 874
830 873
830 831
830 874
830 875
831 874
831 832
831 875
831 876
832 875
832 833
832 876
832 877
833 876
833 834
833 877
833 878
834 877
834 835
834 878
834 879
835 878
835 836
835 879
835 880
836 879
837 838
837 881
837 882
838 881
838 839
838 882
838 883
839 882
839 840
839 883
839 884
840 883
840 841
840 884
840 885
841 884
841 842
841 885
841 886
842 885
842 843
842 886
842 887
843 886
843 844
843 887
843 888
844 887
844 845
844 888
844 889
845 888
845 846
845 889
845 890
846 889
846 847
846 890
846 891
847 890
847 848
847 891
847 892
848 891
848 849
848 892
848 893
849 892
849 850
849 893
849 894
850 893
850 851
850 894
850 895
851 894
851 852
851 895
851 896
852 895
852 853
852 896
852 897
853 896
853 854
853 897
853 898
854 897
854 855
854 898
854 899
855 898
855 856
855 899
855 900
856 899
856 857
856 900
856 901
857 900
857 858
857 901
857 902
858 901
858 859
858 902
858 903
859 902
859 860
859 903
859 904
860 903
860 861
860 904
860 905
861 904
861 862
861 905
861 906
862 905
862 863
862 906
862 907
863 906
863 864
863 907
863 908
864 907
864 865
864 908
864 909
865 908
865 866
865 909
865 910
866 909
866 867
866 910
866 911
867 910
867 868
867 911
867 912
868 911
868 869
868 912
868 913
869 912
869 870
869 913
869 914
870 913
870 871
870 914
870 915
871 914
871 872
871 915
871 916
872 915
872 873
872 916
872 917
873 916
873 874
873 917
873 918
874 917
874 875
874 918
874 919
875 918
875 876
875 919
875 920
876 919
876 877
876 920
876 921
877 920
877 878
877 921
877 922
878 921
878 879
878 922
878 923
879 922
879 880
879 923
879 924
880 923
881 882
881 925
881 926
882 925
882 883
882 926
882 927
883 926
883 884
883 927
883 928
884 927
884 885
884 928
884 929
885 928
885 886
885 929
885 930
886 929
886 887
886 930
886 931
887 930
887 888
887 931
887 932
888 931
888 889
888 932
888 933
889 932
889 890
889 933
889 934
890 933
890 891
890 934
890 935
891 934
891 892
891 935
891 936
892 935
892 893
892 936
892 937
893 936
893 894
893 937
893 938
894 937
894 895
894 938
894 939
895 938
895 896
895 939
895 940
896 939
896 897
896 940
896 941
897 940
897 898
897 941
897 942
898 941
898 899
898 942
898 943
899 942
899 900
899 943
899 944
900 943
900 901
900 944
900 945
901 944
901 902
901 945
901 946
902 945
902 903
902 946
902 947
903 946
903 904
903 947
903 948
904 947
904 905
904 948
904 949
905 948
905 906
905 949
905 950
906 949
906 907
906 950
906 951
907 950
907 908
907 951
907 952
908 951
908 909
908 952
908 953
909 952
909 910
909 953
909 954
910 953
910 911
910 954
910 955
911 954
911 912
911 955
911 956
912 955
912 913
912 956
912 957
913 956
913 914
913 957
913 958
914 957
914 915
914 958
914 959
915 958
915 916
915 959
915 960
916 959
916 917
916 960
916 961
917 960
917 918
917 961
917 962
918 961
918 919
918 962
918 963
919 962
919 920
919 963
919 964
920 963
920 921
920 964
920 965
921 964
921 922
921 965
921 966
922 965
922 923
922 966
922 967
923 966
923 924
923 967
923 968
924 967
925 926
925 969
925 970
926 969
926 927
926 970
926 971
927 970
927 928
927 971
927 972
928 971
928 929
928 972
928 973
929 972
929 930
929 973
929 974
930 973
930 931
930 974
930 975
931 974
931 932
931 975
931 976
932 975
932 933
932 976
932 977
933 976
933 934
933 977
933 978
934 977
934 935
934 978
934 979
935 978
935 936
935 979
935 980
936 979
936 937
936 980
936 981
937 980
937 938
937 981
937 982
938 981
938 939
938 982
938 983
939 982
939 940
939 983
939 984
940 983
940 941
940 984
940 985
941 984
941 942
941 985
941 986
942 985
942 943
942 986
942 987
943 986
943 944
943 987
943 988
944 987
944 945
944 988
944 989
945 988
945 946
945 989
945 990
946 989
946 947
946 990
946 991
947 990
947 948
947 991
947 992
948 991
948 949
948 992
948 993
949 992
949 950
949 993
949 994
950 993
950 951
950 994
950 995
951 994
951 952
951 995
951 996
952 995
952 953
952 996
952 997
953 996
953 954
953 997
953 998
954 997
954 955
954 998
954 999
955 998
955 956
955 999
955 1000
956 999
956 957
956 1000
956 1001
957 1000
957 958
957 1001
957 1002
958 1001
958 959
958 1002
958 1003
959 1002
959 960
959 1003
959 1004
960 1003
960 961
960 1004
960 1005
961 1004
961 962
961 1005
961 1006
962 1005
962 963
962 1006
962 1007
963 1006
963 964
963 1007
963 1008
964 1007
964 965
964 1008
964 1009
965 1008
965 966
965 1009
965 1010
966 1009
966 967
966 1010
966 1011
967 1010
967 968
967 1011
967 1012
968 1011
969 970
969 1013
969 1014
970 1013
970 971
970 1014
970 1015
971 1014
971 972
971 1015
971 1016
972 1015
972 973
972 1016
972 1017
973 1016
973 974
973 1017
973 1018
974 1017
974 975
974 1018
974 1019
975 1018
975 976
975 1019
975 1020
976 1019
976 977
976 1020
976 1021
977 1020
977 978
977 1021
977 1022
978 1021
978 979
978 1022
978 1023
979 1022
979 980
979 1023
979 1024
980 1023
980 981
980 1024
980 1025
981 1024
981 982
981 1025
981 1026
982 1025
982 983
982 1026
982 1027
983 1026
983 984
983 1027
983 1028
984 1027
984 985
984 1028
984 1029
985 1028
985 986
985 1029
985 1030
986 1029
986 987
986 1030
986 1031
987 1030
987 988
987 1031
987 1032
988 1031
988 989
988 1032
988 1033
989 1032
989 990
989 1033
989 1034
990 1033
990 991
990 1034
990 1035
991 1034
991 992
991 1035
991 1036
992 1035
992 993
992 1036
992 1037
993 1036
993 994
993 1037
993 1038
994 1037
994 995
994 1038
994 1039
995 1038
995 996
995 1039
995 1040
996 1039
996 997
996 1040
996 1041
997 1040
997 998
997 1041
997 1042
998 1041
998 999
998 1042
998 1043
999 1042
999 1000
999 1043
999 1044
1000 1043
1000 1001
1000 1044
1000 1045
1001 1044
1001 1002
1001 1045
1001 1046
1002 1045
1002 1003
1002 1046
1002 1047
1003 1046
1003 1004
1003 1047
1003 1048
1004 1047
1004 1005
1004 1048
1004 1049
1005 1048
1005 1006
1005 1049
1005 1050
1006 1049
1006 1007
1006 1050
1006 1051
1007 1050
1007 1008
1007 1051
1007 1052
1008 1051
1008 1009
1008 1052
1008 1053
1009 1052
1009 1010
1009 1053
1009 1054
1010 1053
1010 1011
1010 1054
1010 1055
1011 1054
1011 1012
1011 1055
1011 1056
1012 1055
1013 1014
1013 1057
1013 1058
1014 1057
1014 1015
1014 1058
1014 1059
1015 1058
1015 1016
1015 1059
1015 1060
1016 1059
1016 1017
1016 1060
1016 1061
1017 1060
1017 1018
1017 1061
1017 1062
1018 1061
1018 1019
1018 1062
1018 1063
1019 1062
1019 1020
1019 1063
1019 1064
1020 1063
1020 1021
1020 1064
1020 1065
1021 1064
1021 1022
1021 1065
1021 1066
1022 1065
1022 1023
1022 1066
1022 1067
1023 1066
1023 1024
1023 1067
1023 1068
1024 1067
1024 1025
1024 1068
1024 1069
1025 1068
1025 1026
1025 1069
1025 1070
1026 1069
1026 1027
1026 1070
1026 1071
1027 1070
1027 1028
1027 1071
1027 1072
1028 1071
1028 1029
1028 1072
1028 1073
1029 1072
1029 1030
1029 1073
1029 1074
1030 1073
1030 1031
1030 1074
1030 1075
1031 1074
1031 1032
1031 1075
1031 1076
1032 1075
1032 1033
1032 1076
1032 1077
1033 1076
1033 1034
1033 1077
1033 1078
1034 1077
1034 1035
1034 1078
1034 1079
1035 1078
1035 1036
1035 1079
1035 1080
1036 1079
1036 1037
1036 1080
1036 1081
1037 1080
1037 1038
1037 1081
1037 1082
1038 1081
1038 1039
1038 1082
1038 1083
1039 1082
1039 1040
1039 1083
1039 1084
1040 1083
1040 1041
1040 1084
1040 1085
1041 1084
1041 1042
1041 1085
1041 1086
1042 1085
1042 1043
1042 1086
1042 1087
1043 1086
1043 1044
1043 1087
1043 1088
1044 1087
1044 1045
1044 1088
1044 1089
1045 1088
1045 1046
1045 1089
1045 1090
1046 1089
1046 1047
1046 1090
1046 1091
1047 1090
1047 1048
1047 1091
1047 1092
1048 1091
1048 1049
1048 1092
1048 1093
1049 1092
1049 1050
1049 1093
1049 1094
1050 1093
1050 1051
1050 1094
1050 1095
1051 1094
1051 1052
1051 1095
1051 1096
1052 1095
1052 1053
1052 1096
1052 1097
1053 1096
1053 1054
1053 1097
1053 1098
1054 1097
1054 1055
1054 1098
1054 1099
1055 1098
1055 1056
1055 1099
1055 1100
1056 1099
1057 1058
1057 1101
1057 1102
1058 1101
1058 1059
1058 1102
1058 1103
1059 1102
1059 1060
1059 1103
1059 1104
1060 1103
1060 1061
1060 1104
1060 1105
1061 1104
1061 1062
1061 1105
1061 1106
1062 1105
1062 1063
1062 1106
1062 1107
1063 1106
1063 1064
1063 1107
1063 1108
1064 1107
1064 1065
1064 1108
1064 1109
1065 1108
1065 1066
1065 1109
1065 1110
1066 1109
1066 1067
1066 1110
1066 1111
1067 1110
1067 1068
1067 1111
1067 1112
1068 1111
1068 1069
1068 1112
1068 1113
1069 1112
1069 1070
1069 1113
1069 1114
1070 1113
1070 1071
1070 1114
1070 1115
1071 1114
1071 1072
1071 1115
1071 1116
1072 1115
1072 1073
1072 1116
1072 1117
1073 1116
1073 1074
1073 1117
1073 1118
1074 1117
1074 1075
1074 1118
1074 1119
1075 1118
1075 1076
1075 1119
1075 1120
1076 1119
1076 1077
1076 1120
1076 1121
1077 1120
1077 1078
1077 1121
1077 1122
1078 1121
1078 1079
1078 1122
1078 1123
1079 1122
1079 1080
1079 1123
1079 1124
1080 1123
1080 1081
1080 1124
1080 1125
1081 1124
1081 1082
1081 1125
1081 1126
1082 1125
1082 1083
1082 1126
1082 1127
1083 1126
1083 1084
1083 1127
1083 1128
1084 1127
1084 1085
1084 1128
1084 1129
1085 1128
1085 1086
1085 1129
1085 1130
1086 1129
1086 1087
1086 1130
1086 1131
1087 1130
1087 1088
1087 1131
1087 1132
1088 1131
1088 1089
1088 1132
1088 1133
1089 1132
1089 1090
1089 1133
1089 1134
1090 1133
1090 1091
1090 1134
1090 1135
1091 1134
1091 1092
1091 1135
1091 1136
1092 1135
1092 1093
1092 1136
1092 1137
1093 1136
1093 1094
1093 1137
1093 1138
1094 1137
1094 1095
1094 1138
1094 1139
1095 1138
1095 1096
1095 1139
1095 1140
1096 1139
1096 1097
1096 1140
1096 1141
1097 1140
1097 1098
1097 1141
1097 1142
1098 1141
1098 1099
1098 1142
1098 1143
1099 1142
1099 1100
1099 1143
1099 1144
1100 1143
1101 1102
1101 1145
1101 1146
1102 1145
1102 1103
1102 1146
1102 1147
1103 1146
1103 1104
1103 1147
1103 1148
1104 1147
1104 1105
1104 1148
1104 1149
1105 1148
1105 1106
1105 1149
1105 1150
1106 1149
1106 1107
1106 1150
1106 1151
1107 1150
1107 1108
1107 1151
1107 1152
1108 1151
1108 1109
1108 1152
1108 1153
1109 1152
1109 1110
1109 1153
1109 1154
1110 1153
1110 1111
1110 1154
1110 1155
1111 1154
1111 1112
1111 1155
1111 1156
1112 1155
1112 1113
1112 1156
1112 1157
1113 1156
1113 1114
1113 1157
1113 1158
1114 1157
1114 1115
1114 1158
1114 1159
1115 1158
1115 1116
1115 1159
1115 1160
1116 1159
1116 1117
1116 1160
1116 1161
1117 1160
1117 1118
1117 1161
1117 1162
1118 1161
1118 1119
1118 1162
1118 1163
1119 1162
1119 1120
1119 1163
1119 1164
1120 1163
1120 1121
1120 1164
1120 1165
1121 1164
1121 1122
1121 1165
1121 1166
1122 1165
1122 1123
1122 1166
1122 1167
1123 1166
1123 1124
1123 1167
1123 1168
1124 1167
1124 1125
1124 1168
1124 1169
1125 1168
1125 1126
1125 1169
1125 1170
1126 1169
1126 1127
1126 1170
1126 1171
1127 1170
1127 1128
1127 1171
1127 1172
1128 1171
1128 1129
1128 1172
1128 1173
1129 1172
1129 1130
1129 1173
1129 1174
1130 1173
1130 1131
1130 1174
1130 1175
1131 1174
1131 1132
1131 1175
1131 1176
1132 1175
1132 1133
1132 1176
1132 1177
1133 1176
1133 1134
1133 1177
1133 1178
1134 1177
1134 1135
1134 1178
1134 1179
1135 1178
1135 1136
1135 1179
1135 1180
1136 1179
1136 1137
1136 1180
1136 1181
1137 1180
1137 1138
1137 1181
1137 1182
1138 1181
1138 1139
1138 1182
1138 1183
1139 1182
1139 1140
1139 1183
1139 1184
1140 1183
1140 1141
1140 1184
1140 1185
1141 1184
1141 1142
1141 1185
1141 1186
1142 1185
1142 1143
1142 1186
1142 1187
1143 1186
1143 1144
1143 1187
1143 1188
1144 1187
1145 1146
1145 1189
1145 1190
1146 1189
1146 1147
1146 1190
1146 1191
1147 1190
1147 1148
1147 1191
1147 1192
1148 1191
1148 1149
1148 1192
1148 1193
1149 1192
1149 1150
1149 1193
1149 1194
1150 1193
1150 1151
1150 1194
1150 1195
1151 1194
1151 1152
1151 1195
1151 1196
1152 1195
1152 1153
1152 1196
1152 1197
1153 1196
1153 1154
1153 1197
1153 1198
1154 1197
1154 1155
1154 1198
1154 1199
1155 1198
1155 1156
1155 1199
1155 1200
1156 1199
1156 1157
1156 1200
1156 1201
1157 1200
1157 1158
1157 1201
1157 1202
1158 1201
1158 1159
1158 1202
1158 1203
1159 1202
1159 1160
1159 1203
1159 1204
1160 1203
1160 1161
1160 1204
1160 1205
1161 1204
1161 1162
1161 1205
1161 1206
1162 1205
1162 1163
1162 1206
1162 1207
1163 1206
1163 1164
1163 1207
1163 1208
1164 1207
1164 1165
1164 1208
1164 1209
1165 1208
1165 1166
1165 1209
1165 1210
1166 1209
1166 1167
1166 1210
1166 1211
1167 1210
1167 1168
1167 1211
1167 1212
1168 1211
1168 1169
1168 1212
1168 1213
1169 1212
1169 1170
1169 1213
1169 1214
1170 1213
1170 1171
1170 1214
1170 1215
1171 1214
1171 1172
1171 1215
1171 1216
1172 1215
1172 1173
1172 1216
1172 1217
1173 1216
1173 1174
1173 1217
1173 1218
1174 1217
1174 1175
1174 1218
1174 1219
1175 1218
1175 1176
1175 1219
1175 1220
1176 1219
1176 1177
1176 1220
1176 1221
1177 1220
1177 1178
1177 1221
1177 1222
1178 1221
1178 1179
1178 1222
1178 1223
1179 1222
1179 1180
1179 1223
1179 1224
1180 1223
1180 1181
1180 1224
1180 1225
1181 1224
1181 1182
1181 1225
1181 1226
1182 1225
1182 1183
1182 1226
1182 1227
1183 1226
1183 1184
1183 1227
1183 1228
1184 1227
1184 1185
1184 1228
1184 1229
1185 1228
1185 1186
1185 1229
1185 1230
1186 1229
1186 1187
1186 1230
1186 1231
1187 1230
1187 1188
1187 1231
1187 1232
1188 1231
1189 1190
1189 1233
1189 1234
1190 1233
1190 1191
1190 1234
1190 1235
1191 1234
1191 1192
1191 1235
1191 1236
1192 1235
1192 1193
1192 1236
1192 1237
1193 1236
1193 1194
1193 1237
1193 1238
1194 1237
1194 1195
1194 1238
1194 1239
1195 1238
1195 1196
1195 1239
1195 1240
1196 1239
1196 1197
1196 1240
1196 1241
1197 1240
1197 1198
1197 1241
1197 1242
1198 1241
1198 1199
1198 1242
1198 1243
1199 1242
1199 1200
1199 1243
1199 1244
1200 1243
1200 1201
1200 1244
1200 1245
1201 1244
1201 1202
1201 1245
1201 1246
1202 1245
1202 1203
1202 1246
1202 1247
1203 1246
1203 1204
1203 1247
1203 1248
1204 1247
1204 1205
1204 1248
1204 1249
1205 1248
1205 1206
1205 1249
1205 1250
1206 1249
1206 1207
1206 1250
1206 1251
1207 1250
1207 1208
1207 1251
1207 1252
1208 1251
1208 1209
1208 1252
1208 1253
1209 1252
1209 1210
1209 1253
1209 1254
1210 1253
1210 1211
1210 1254
1210 1255
1211 1254
1211 1212
1211 1255
1211 1256
1212 1255
1212 1213
1212 1256
1212 1257
1213 1256
1213 1214
1213 1257
1213 1258
1214 1257
1214 1215
1214 1258
1214 1259
1215 1258
1215 1216
1215 1259
1215 1260
1216 1259
1216 1217
1216 1260
1216 1261
1217 1260
1217 1218
1217 1261
1217 1262
1218 1261
1218 1219
1218 1262
1218 1263
1219 1262
1219 1220
1219 1263
1219 1264
1220 1263
1220 1221
1220 1264
1220 1265
1221 1264
1221 1222
1221 1265
1221 1266
1222 1265
1222 1223
1222 1266
1222 1267
1223 1266
1223 1224
1223 1267
1223 1268
1224 1267
1224 1225
1224 1268
1224 1269
1225 1268
1225 1226
1225 1269
1225 1270
1226 1269
1226 1227
1226 1270
1226 1271
1227 1270
1227 1228
1227 1271
1227 1272
1228 1271
1228 1229
1228 1272
1228 1273
1229 1272
1229 1230
1229 1273
1229 1274
1230 1273
1230 1231
1230 1274
1230 1275
1231 1274
1231 1232
1231 1275
1231 1276
1232 1275
1233 1234
1233 1277
1233 1278
1234 1277
1234 1235
1234 1278
1234 1279
1235 1278
1235 1236
1235 1279
1235 1280
1236 1279
1236 1237
1236 1280
1236 1281
1237 1280
1237 1238
1237 1281
1237 1282
1238 1281
1238 1239
1238 1282
1238 1283
1239 1282
1239 1240
1239 1283
1239 1284
1240 1283
1240 1241
1240 1284
1240 1285
1241 1284
1241 1242
1241 1285
1241 1286
1242 1285
1242 1243
1242 1286
1242 1287
1243 1286
1243 1244
1243 1287
1243 1288
1244 1287
1244 1245
1244 1288
1244 1289
1245 1288
1245 1246
1245 1289
1245 1290
1246 1289
1246 1247
1246 1290
1246 1291
1247 1290
1247 1248
1247 1291
1247 1292
1248 1291
1248 1249
1248 1292
1248 1293
1249 1292
1249 1250
1249 1293
1249 1294
1250 1293
1250 1251
1250 1294
1250 1295
1251 1294
1251 1252
1251 1295
1251 1296
1252 1295
1252 1253
1252 1296
1252 1297
1253 1296
1253 1254
1253 1297
1253 1298
1254 1297
1254 1255
1254 1298
1254 1299
1255 1298
1255 1256
1255 1299
1255 1300
1256 1299
1256 1257
1256 1300
1256 1301
1257 1300
1257 1258
1257 1301
1257 1302
1258 1301
1258 1259
1258 1302
1258 1303
1259 1302
1259 1260
1259 1303
1259 1304
1260 1303
1260 1261
1260 1304
1260 1305
1261 1304
1261 1262
1261 1305
1261 1306
1262 1305
1262 1263
1262 1306
1262 1307
1263 1306
1263 1264
1263 1307
1263 1308
1264 1307
1264 1265
1264 1308
1264 1309
1265 1308
1265 1266
1265 1309
1265 1310
1266 1309
1266 1267
1266 1310
1266 1311
1267 1310
1267 1268
1267 1311
1267 1312
1268 1311
1268 1269
1268 1312
1268 1313
1269 1312
1269 1270
1269 1313
1269 1314
1270 1313
1270 1271
1270 1314
1270 1315
1271 1314
1271 1272
1271 1315
1271 1316
1272 1315
1272 1273
1272 1316
1272 1317
1273 1316
1273 1274
1273 1317
1273 1318
1274 1317
1274 1275
1274 1318
1274 1319
1275 1318
1275 1276
1275 1319
1275 1320
1276 1319
1277 1278
1277 1321
1277 1322
1278 1321
1278 1279
1278 1322
1278 1323
1279 1322
1279 1280
1279 1323
1279 1324
1280 1323
1280 1281
1280 1324
1280 1325
1281 1324
1281 1282
1281 1325
1281 1326
1282 1325
1282 1283
1282 1326
1282 1327
1283 1326
1283 1284
1283 1327
1283 1328
1284 1327
1284 1285
1284 1328
1284 1329
1285 1328
1285 1286
1285 1329
1285 1330
1286 1329
1286 1287
1286 1330
1286 1331
1287 1330
1287 1288
1287 1331
1287 1332
1288 1331
1288 1289
1288 1332
1288 1333
1289 1332
1289 1290
1289 1333
1289 1334
1290 1333
1290 1291
1290 1334
1290 1335
1291 1334
1291 1292
1291 1335
1291 1336
1292 1335
1292 1293
1292 1336
1292 1337
1293 1336
1293 1294
1293 1337
1293 1338
1294 1337
1294 1295
1294 1338
1294 1339
1295 1338
1295 1296
1295 1339
1295 1340
1296 1339
1296 1297
1296 1340
1296 1341
1297 1340
1297 1298
1297 1341
1297 1342
1298 1341
1298 1299
1298 1342
1298 1343
1299 1342
1299 1300
1299 1343
1299 1344
1300 1343
1300 1301
1300 1344
1300 1345
1301 1344
1301 1302
1301 1345
1301 1346
1302 1345
1302 1303
1302 1346
1302 1347
1303 1346
1303 1304
1303 1347
1303 1348
1304 1347
1304 1305
1304 1348
1304 1349
1305 1348
1305 1306
1305 1349
1305 1350
1306 1349
1306 1307
1306 1350
1306 1351
1307 1350
1307 1308
1307 1351
1307 1352
1308 1351
1308 1309
1308 1352
1308 1353
1309 1352
1309 1310
1309 1353
1309 1354
1310 1353
1310 1311
1310 1354
1310 1355
1311 1354
1311 1312
1311 1355
1311 1356
1312 1355
1312 1313
1312 1356
1312 1357
1313 1356
1313 1314
1313 1357
1313 1358
1314 1357
1314 1315
1314 1358
1314 1359
1315 1358
1315 1316
1315 1359
1315 1360
1316 1359
1316 1317
1316 1360
1316 1361
1317 1360
1317 1318
1317 1361
1317 1362
1318 1361
1318 1319
1318 1362
1318 1363
1319 1362
1319 1320
1319 1363
1319 1364
1320 1363
1321 1322
1321 1365
1321 1366
1322 1365
1322 1323
1322 1366
1322 1367
1323 1366
1323 1324
1323 1367
1323 1368
1324 1367
1324 1325
1324 1368
1324 1369
1325 1368
1325 1326
1325 1369
1325 1370
1326 1369
1326 1327
1326 1370
1326 1371
1327 1370
1327 1328
1327 1371
1327 1372
1328 1371
1328 1329
1328 1372
1328 1373
1329 1372
1329 1330
1329 1373
1329 1374
1330 1373
1330 1331
1330 1374
1330 1375
1331 1374
1331 1332
1331 1375
1331 1376
1332 1375
1332 1333
1332 1376
1332 1377
1333 1376
1333 1334
1333 1377
1333 1378
1334 1377
1334 1335
1334 1378
1334 1379
1335 1378
1335 1336
1335 1379
1335 1380
1336 1379
1336 1337
1336 1380
1336 1381
1337 1380
1337 1338
1337 1381
1337 1382
1338 1381
1338 1339
1338 1382
1338 1383
1339 1382
1339 1340
1339 1383
1339 1384
1340 1383
1340 1341
1340 1384
1340 1385
1341 1384
1341 1342
1341 1385
1341 1386
1342 1385
1342 1343
1342 1386
1342 1387
1343 1386
1343 1344
1343 1387
1343 1388
1344 1387
1344 1345
1344 1388
1344 1389
1345 1388
1345 1346
1345 1389
1345 1390
1346 1389
1346 1347
1346 1390
1346 1391
1347 1390
1347 1348
1347 1391
1347 1392
1348 1391
1348 1349
1348 1392
1348 1393
1349 1392
1349 1350
1349 1393
1349 1394
1350 1393
1350 1351
1350 1394
1350 1395
1351 1394
1351 1352
1351 1395
1351 1396
1352 1395
1352 1353
1352 1396
1352 1397
1353 1396
1353 1354
1353 1397
1353 1398
1354 1397
1354 1355
1354 1398
1354 1399
1355 1398
1355 1356
1355 1399
1355 1400
1356 1399
1356 1357
1356 1400
1356 1401
1357 1400
1357 1358
1357 1401
1357 1402
1358 1401
1358 1359
1358 1402
1358 1403
1359 1402
1359 1360
1359 1403
1359 1404
1360 1403
1360 1361
1360 1404
1360 1405
1361 1404
1361 1362
1361 1405
1361 1406
1362 1405
1362 1363
1362 1406
1362 1407
1363 1406
1363 1364
1363 1407
1363 1408
1364 1407
1365 1366
1365 1409
1365 1410
1366 1409
1366 1367
1366 1410
1366 1411
1367 1410
1367 1368
1367 1411
1367 1412
1368 1411
1368 1369
1368 1412
1368 1413
1369 1412
1369 1370
1369 1413
1369 1414
1370 1413
1370 1371
1370 1414
1370 1415
1371 1414
1371 1372
1371 1415
1371 1416
1372 1415
1372 1373
1372 1416
1372 1417
1373 1416
1373 1374
1373 1417
1373 1418
1374 1417
1374 1375
1374 1418
1374 1419
1375 1418
1375 1376
1375 1419
1375 1420
1376 1419
1376 1377
1376 1420
1376 1421
1377 1420
1377 1378
1377 1421
1377 1422
1378 1421
1378 1379
1378 1422
1378 1423
1379 1422
1379 1380
1379 1423
1379 1424
1380 1423
1380 1381
1380 1424
1380 1425
1381 1424
1381 1382
1381 1425
1381 1426
1382 1425
1382 1383
1382 1426
1382 1427
1383 1426
1383 1384
1383 1427
1383 1428
1384 1427
1384 1385
1384 1428
1384 1429
1385 1428
1385 1386
1385 1429
1385 1430
1386 1429
1386 1387
1386 1430
1386 1431
1387 1430
1387 1388
1387 1431
1387 1432
1388 1431
1388 1389
1388 1432
1388 1433
1389 1432
1389 1390
1389 1433
1389 1434
1390 1433
1390 1391
1390 1434
1390 1435
1391 1434
1391 1392
1391 1435
1391 1436
1392 1435
1392 1393
1392 1436
1392 1437
1393 1436
1393 1394
1393 1437
1393 1438
1394 1437
1394 1395
1394 1438
1394 1439
1395 1438
1395 1396
1395 1439
1395 1440
1396 1439
1396 1397
1396 1440
1396 1441
1397 1440
1397 1398
1397 1441
1397 1442
1398 1441
1398 1399
1398 1442
1398 1443
1399 1442
1399 1400
1399 1443
1399 1444
1400 1443
1400 1401
1400 1444
1400 1445
1401 1444
1401 1402
1401 1445
1401 1446
1402 1445
1402 1403
1402 1446
1402 1447
1403 1446
1403 1404
1403 1447
1403 1448
1404 1447
1404 1405
1404 1448
1404 1449
1405 1448
1405 1406
1405 1449
1405 1450
1406 1449
1406 1407
1406 1450
1406 1451
1407 1450
1407 1408
1407 1451
1407 1452
1408 1451
1409 1410
1409 1453
1409 1454
1410 1453
1410 1411
1410 1454
1410 1455
1411 1454
1411 1412
1411 1455
1411 1456
1412 1455
1412 1413
1412 1456
1412 1457
1413 1456
1413 1414
1413 1457
1413 1458
1414 1457
1414 1415
1414 1458
1414 1459
1415 1458
1415 1416
1415 1459
1415 1460
1416 1459
1416 1417
1416 1460
1416 1461
1417 1460
1417 1418
1417 1461
1417 1462
1418 1461
1418 1419
1418 1462
1418 1463
1419 1462
1419 1420
1419 1463
1419 1464
1420 1463
1420 1421
1420 1464
1420 1465
1421 1464
1421 1422
1421 1465
1421 1466
1422 1465
1422 1423
1422 1466
1422 1467
1423 1466
1423 1424
1423 1467
1423 1468
1424 1467
1424 1425
1424 1468
1424 1469
1425 1468
1425 1426
1425 1469
1425 1470
1426 1469
1426 1427
1426 1470
1426 1471
1427 1470
1427 1428
1427 1471
1427 1472
1428 1471
1428 1429
1428 1472
1428 1473
1429 1472
1429 1430
1429 1473
1429 1474
1430 1473
1430 1431
1430 1474
1430 1475
1431 1474
1431 1432
1431 1475
1431 1476
1432 1475
1432 1433
1432 1476
1432 1477
1433 1476
1433 1434
1433 1477
1433 1478
1434 1477
1434 1435
1434 1478
1434 1479
1435 1478
1435 1436
1435 1479
1435 1480
1436 1479
1436 1437
1436 1480
1436 1481
1437 1480
1437 1438
1437 1481
1437 1482
1438 1481
1438 1439
1438 1482
1438 1483
1439 1482
1439 1440
1439 1483
1439 1484
1440 1483
1440 1441
1440 1484
1440 1485
1441 1484
1441 1442
1441 1485
1441 1486
1442 1485
1442 1443
1442 1486
1442 1487
1443 1486
1443 1444
1443 1487
1443 1488
1444 1487
1444 1445
1444 1488
1444 1489
1445 1488
1445 1446
1445 1489
1445 1490
1446 1489
1446 1447
1446 1490
1446 1491
1447 1490
1447 1448
1447 1491
1447 1492
1448 1491
1448 1449
1448 1492
1448 1493
1449 1492
1449 1450
1449 1493
1449 1494
1450 1493
1450 1451
1450 1494
1450 1495
1451 1494
1451 1452
1451 1495
1451 1496
1452 1495
1453 1454
1453 1497
1453 1498
1454 1497
1454 1455
1454 1498
1454 1499
1455 1498
1455 1456
1455 1499
1455 1500
1456 1499
1456 1457
1456 1500
1456 1501
1457 1500
1457 1458
1457 1501
1457 1502
1458 1501
1458 1459
1458 1502
1458 1503
1459 1502
1459 1460
1459 1503
1459 1504
1460 1503
1460 1461
1460 1504
1460 1505
1461 1504
1461 1462
1461 1505
1461 1506
1462 1505
1462 1463
1462 1506
1462 1507
1463 1506
1463 1464
1463 1507
1463 1508
1464 1507
1464 1465
1464 1508
1464 1509
1465 1508
1465 1466
1465 1509
1465 1510
1466 1509
1466 1467
1466 1510
1466 1511
1467 1510
1467 1468
1467 1511
1467 1512
1468 1511
1468 1469
1468 1512
1468 1513
1469 1512
1469 1470
1469 1513
1469 1514
1470 1513
1470 1471
1470 1514
1470 1515
1471 1514
1471 1472
1471 1515
1471 1516
1472 1515
1472 1473
1472 1516
1472 1517
1473 1516
1473 1474
1473 1517
1473 1518
1474 1517
1474 1475
1474 1518
1474 1519
1475 1518
1475 1476
1475 1519
1475 1520
1476 1519
1476 1477
1476 1520
1476 1521
1477 1520
1477 1478
1477 1521
1477 1522
1478 1521
1478 1479
1478 1522
1478 1523
1479 1522
1479 1480
1479 1523
1479 1524
1480 1523
1480 1481
1480 1524
1480 1525
1481 1524
1481 1482
1481 1525
1481 1526
1482 1525
1482 1483
1482 1526
1482 1527
1483 1526
1483 1484
1483 1527
1483 1528
1484 1527
1484 1485
1484 1528
1484 1529
1485 1528
1485 1486
1485 1529
1485 1530
1486 1529
1486 1487
1486 1530
1486 1531
1487 1530
1487 1488
1487 1531
1487 1532
1488 1531
1488 1489
1488 1532
1488 1533
1489 1532
1489 1490
1489 1533
1489 1534
1490 1533
1490 1491
1490 1534
1490 1535
1491 1534
1491 1492
1491 1535
1491 1536
1492 1535
1492 1493
1492 1536
1492 1537
1493 1536
1493 1494
1493 1537
1493 1538
1494 1537
1494 1495
1494 1538
1494 1539
1495 1538
1495 1496
1495 1539
1495 1540
1496 1539
1497 1498
1497 1541
1497 1542
1498 1541
1498 1499
1498 1542
1498 1543
1499 1542
1499 1500
1499 1543
1499 1544
1500 1543
1500 1501
1500 1544
1500 1545
1501 1544
1501 1502
1501 1545
1501 1546
1502 1545
1502 1503
1502 1546
1502 1547
1503 1546
1503 1504
1503 1547
1503 1548
1504 1547
1504 1505
1504 1548
1504 1549
1505 1548
1505 1506
1505 1549
1505 1550
1506 1549
1506 1507
1506 1550
1506 1551
1507 1550
1507 1508
1507 1551
1507 1552
1508 1551
1508 1509
1508 1552
1508 1553
1509 1552
1509 1510
1509 1553
1509 1554
1510 1553
1510 1511
1510 1554
1510 1555
1511 1554
1511 1512
1511 1555
1511 1556
1512 1555
1512 1513
1512 1556
1512 1557
1513 1556
1513 1514
1513 1557
1513 1558
1514 1557
1514 1515
1514 1558
1514 1559
1515 1558
1515 1516
1515 1559
1515 1560
1516 1559
1516 1517
1516 1560
1516 1561
1517 1560
1517 1518
1517 1561
1517 1562
1518 1561
1518 1519
1518 1562
1518 1563
1519 1562
1519 1520
1519 1563
1519 1564
1520 1563
1520 1521
1520 1564
1520 1565
1521 1564
1521 1522
1521 1565
1521 1566
1522 1565
1522 1523
1522 1566
1522 1567
1523 1566
1523 1524
1523 1567
1523 1568
1524 1567
1524 1525
1524 1568
1524 1569
1525 1568
1525 1526
1525 1569
1525 1570
1526 1569
1526 1527
1526 1570
1526 1571
1527 1570
1527 1528
1527 1571
1527 1572
1528 1571
1528 1529
1528 1572
1528 1573
1529 1572
1529 1530
1529 1573
1529 1574
1530 1573
1530 1531
1530 1574
1530 1575
1531 1574
1531 1532
1531 1575
1531 1576
1532 1575
1532 1533
1532 1576
1532 1577
1533 1576
1533 1534
1533 1577
1533 1578
1534 1577
1534 1535
1534 1578
1534 1579
1535 1578
1535 1536
1535 1579
1535 1580
1536 1579
1536 1537
1536 1580
1536 1581
1537 1580
1537 1538
1537 1581
1537 1582
1538 1581
1538 1539
1538 1582
1538 1583
1539 1582
1539 1540
1539 1583
1539 1584
1540 1583
1541 1542
1541 1585
1541 1586
1542 1585
1542 1543
1542 1586
1542 1587
1543 1586
1543 1544
1543 1587
1543 1588
1544 1587
1544 1545
1544 1588
1544 1589
1545 1588
1545 1546
1545 1589
1545 1590
1546 1589
1546 1547
1546 1590
1546 1591
1547 1590
1547 1548
1547 1591
1547 1592
1548 1591
1548 1549
1548 1592
1548 1593
1549 1592
1549 1550
1549 1593
1549 1594
1550 1593
1550 1551
1550 1594
1550 1595
1551 1594
1551 1552
1551 1595
1551 1596
1552 1595
1552 1553
1552 1596
1552 1597
1553 1596
1553 1554
1553 1597
1553 1598
1554 1597
1554 1555
1554 1598
1554 1599
1555 1598
1555 1556
1555 1599
1555 1600
1556 1599
1556 1557
1556 1600
1556 1601
1557 1600
1557 1558
1557 1601
1557 1602
1558 1601
1558 1559
1558 1602
1558 1603
1559 1602
1559 1560
1559 1603
1559 1604
1560 1603
1560 1561
1560 1604
1560 1605
1561 1604
1561 1562
1561 1605
1561 1606
1562 1605
1562 1563
1562 1606
1562 1607
1563 1606
1563 1564
1563 1607
1563 1608
1564 1607
1564 1565
1564 1608
1564 1609
1565 1608
1565 1566
1565 1609
1565 1610
1566 1609
1566 1567
1566 1610
1566 1611
1567 1610
1567 1568
1567 1611
1567 1612
1568 1611
1568 1569
1568 1612
1568 1613
1569 1612
1569 1570
1569 1613
1569 1614
1570 1613
1570 1571
1570 1614
1570 1615
1571 1614
1571 1572
1571 1615
1571 1616
1572 1615
1572 1573
1572 1616
1572 1617
1573 1616
1573 1574
1573 1617
1573 1618
1574 1617
1574 1575
1574 1618
1574 1619
1575 1618
1575 1576
1575 1619
1575 1620
1576 1619
1576 1577
1576 1620
1576 1621
1577 1620
1577 1578
1577 1621
1577 1622
1578 1621
1578 1579
1578 1622
1578 1623
1579 1622
1579 1580
1579 1623
1579 1624
1580 1623
1580 1581
1580 1624
1580 1625
1581 1624
1581 1582
1581 1625
1581 1626
1582 1625
1582 1583
1582 1626
1582 1627
1583 1626
1583 1584
1583 1627
1583 1628
1584 1627
1585 1586
1585 1629
1585 1630
1586 1629
1586 1587
1586 1630
1586 1631
1587 1630
1587 1588
1587 1631
1587 1632
1588 1631
1588 1589
1588 1632
1588 1633
1589 1632
1589 1590
1589 1633
1589 1634
1590 1633
1590 1591
1590 1634
1590 1635
1591 1634
1591 1592
1591 1635
1591 1636
1592 1635
1592 1593
1592 1636
1592 1637
1593 1636
1593 1594
1593 1637
1593 1638
1594 1637
1594 1595
1594 1638
1594 1639
1595 1638
1595 1596
1595 1639
1595 1640
1596 1639
1596 1597
1596 1640
1596 1641
1597 1640
1597 1598
1597 1641
1597 1642
1598 1641
1598 1599
1598 1642
1598 1643
1599 1642
1599 1600
1599 1643
1599 1644
1600 1643
1600 1601
1600 1644
1600 1645
1601 1644
1601 1602
1601 1645
1601 1646
1602 1645
1602 1603
1602 1646
1602 1647
1603 1646
1603 1604
1603 1647
1603 1648
1604 1647
1604 1605
1604 1648
1604 1649
1605 1648
1605 1606
1605 1649
1605 1650
1606 1649
1606 1607
1606 1650
1606 1651
1607 1650
1607 1608
1607 1651
1607 1652
1608 1651
1608 1609
1608 1652
1608 1653
1609 1652
1609 1610
1609 1653
1609 1654
1610 1653
1610 1611
1610 1654
1610 1655
1611 1654
1611 1612
1611 1655
1611 1656
1612 1655
1612 1613
1612 1656
1612 1657
1613 1656
1613 1614
1613 1657
1613 1658
1614 1657
1614 1615
1614 1658
1614 1659
1615 1658
1615 1616
1615 1659
1615 1660
1616 1659
1616 1617
1616 1660
1616 1661
1617 1660
1617 1618
1617 1661
1617 1662
1618 1661
1618 1619
1618 1662
1618 1663
1619 1662
1619 1620
1619 1663
1619 1664
1620 1663
1620 1621
1620 1664
1620 1665
1621 1664
1621 1622
1621 1665
1621 1666
1622 1665
1622 1623
1622 1666
1622 1667
1623 1666
1623 1624
1623 1667
1623 1668
1624 1667
1624 1625
1624 1668
1624 1669
1625 1668
1625 1626
1625 1669
1625 1670
1626 1669
1626 1627
1626 1670
1626 1671
1627 1670
1627 1628
1627 1671
1627 1672
1628 1671
1629 1630
1629 1673
1629 1674
1630 1673
1630 1631
1630 1674
1630 1675
1631 1674
1631 1632
1631 1675
1631 1676
1632 1675
1632 1633
1632 1676
1632 1677
1633 1676
1633 1634
1633 1677
1633 1678
1634 1677
1634 1635
1634 1678
1634 1679
1635 1678
1635 1636
1635 1679
1635 1680
1636 1679
1636 1637
1636 1680
1636 1681
1637 1680
1637 1638
1637 1681
1637 1682
1638 1681
1638 1639
1638 1682
1638 1683
1639 1682
1639 1640
1639 1683
1639 1684
1640 1683
1640 1641
1640 1684
1640 1685
1641 1684
1641 1642
1641 1685
1641 1686
1642 1685
1642 1643
1642 1686
1642 1687
1643 1686
1643 1644
1643 1687
1643 1688
1644 1687
1644 1645
1644 1688
1644 1689
1645 1688
1645 1646
1645 1689
1645 1690
1646 1689
1646 1647
1646 1690
1646 1691
1647 1690
1647 1648
1647 1691
1647 1692
1648 1691
1648 1649
1648 1692
1648 1693
1649 1692
1649 1650
1649 1693
1649 1694
1650 1693
1650 1651
1650 1694
1650 1695
1651 1694
1651 1652
1651 1695
1651 1696
1652 1695
1652 1653
1652 1696
1652 1697
1653 1696
1653 1654
1653 1697
1653 1698
1654 1697
1654 1655
1654 1698
1654 1699
1655 1698
1655 1656
1655 1699
1655 1700
1656 1699
1656 1657
1656 1700
1656 1701
1657 1700
1657 1658
1657 1701
1657 1702
1658 1701
1658 1659
1658 1702
1658 1703
1659 1702
1659 1660
1659 1703
1659 1704
1660 1703
1660 1661
1660 1704
1660 1705
1661 1704
1661 1662
1661 1705
1661 1706
1662 1705
1662 1663
1662 1706
1662 1707
1663 1706
1663 1664
1663 1707
1663 1708
1664 1707
1664 1665
1664 1708
1664 1709
1665 1708
1665 1666
1665 1709
1665 1710
1666 1709
1666 1667
1666 1710
1666 1711
1667 1710
1667 1668
1667 1711
1667 1712
1668 1711
1668 1669
1668 1712
1668 1713
1669 1712
1669 1670
1669 1713
1669 1714
1670 1713
1670 1671
1670 1714
1670 1715
1671 1714
1671 1672
1671 1715
1671 1716
1672 1715
1673 1674
1673 1717
1673 1718
1674 1717
1674 1675
1674 1718
1674 1719
1675 1718
1675 1676
1675 1719
1675 1720
1676 1719
1676 1677
1676 1720
1676 1721
1677 1720
1677 1678
1677 1721
1677 1722
1678 1721
1678 1679
1678 1722
1678 1723
1679 1722
1679 1680
1679 1723
1679 1724
1680 1723
1680 1681
1680 1724
1680 1725
1681 1724
1681 1682
1681 1725
1681 1726
1682 1725
1682 1683
1682 1726
1682 1727
1683 1726
1683 1684
1683 1727
1683 1728
1684 1727
1684 1685
1684 1728
1684 1729
1685 1728
1685 1686
1685 1729
1685 1730
1686 1729
1686 1687
1686 1730
1686 1731
1687 1730
1687 1688
1687 1731
1687 1732
1688 1731
1688 1689
1688 1732
1688 1733
1689 1732
1689 1690
1689 1733
1689 1734
1690 1733
1690 1691
1690 1734
1690 1735
1691 1734
1691 1692
1691 1735
1691 1736
1692 1735
1692 1693
1692 1736
1692 1737
1693 1736
1693 1694
1693 1737
1693 1738
1694 1737
1694 1695
1694 1738
1694 1739
1695 1738
1695 1696
1695 1739
1695 1740
1696 1739
1696 1697
1696 1740
1696 1741
1697 1740
1697 1698
1697 1741
1697 1742
1698 1741
1698 1699
1698 1742
1698 1743
1699 1742
1699 1700
1699 1743
1699 1744
1700 1743
1700 1701
1700 1744
1700 1745
1701 1744
1701 1702
1701 1745
1701 1746
1702 1745
1702 1703
1702 1746
1702 1747
1703 1746
1703 1704
1703 1747
1703 1748
1704 1747
1704 1705
1704 1748
1704 1749
1705 1748
1705 1706
1705 1749
1705 1750
1706 1749
1706 1707
1706 1750
1706 1751
1707 1750
1707 1708
1707 1751
1707 1752
1708 1751
1708 1709
1708 1752
1708 1753
1709 1752
1709 1710
1709 1753
1709 1754
1710 1753
1710 1711
1710 1754
1710 1755
1711 1754
1711 1712
1711 1755
1711 1756
1712 1755
1712 1713
1712 1756
1712 1757
1713 1756
1713 1714
1713 1757
1713 1758
1714 1757
1714 1715
1714 1758
1714 1759
1715 1758
1715 1716
1715 1759
1715 1760
1716 1759
1717 1718
1717 1761
1717 1762
1718 1761
1718 1719
1718 1762
1718 1763
1719 1762
1719 1720
1719 1763
1719 1764
1720 1763
1720 1721
1720 1764
1720 1765
1721 1764
1721 1722
1721 1765
1721 1766
1722 1765
1722 1723
1722 1766
1722 1767
1723 1766
1723 1724
1723 1767
1723 1768
1724 1767
1724 1725
1724 1768
1724 1769
1725 1768
1725 1726
1725 1769
1725 1770
1726 1769
1726 1727
1726 1770
1726 1771
1727 1770
1727 1728
1727 1771
1727 1772
1728 1771
1728 1729
1728 1772
1728 1773
1729 1772
1729 1730
1729 1773
1729 1774
1730 1773
1730 1731
1730 1774
1730 1775
1731 1774
1731 1732
1731 1775
1731 1776
1732 1775
1732 1733
1732 1776
1732 1777
1733 1776
1733 1734
1733 1777
1733 1778
1734 1777
1734 1735
1734 1778
1734 1779
1735 1778
1735 1736
1735 1779
1735 1780
1736 1779
1736 1737
1736 1780
1736 1781
1737 1780
1737 1738
1737 1781
1737 1782
1738 1781
1738 1739
1738 1782
1738 1783
1739 1782
1739 1740
1739 1783
1739 1784
1740 1783
1740 1741
1740 1784
1740 1785
1741 1784
1741 1742
1741 1785
1741 1786
1742 1785
1742 1743
1742 1786
1742 1787
1743 1786
1743 1744
1743 1787
1743 1788
1744 1787
1744 1745
1744 1788
1744 1789
1745 1788
1745 1746
1745 1789
1745 1790
1746 1789
1746 1747
1746 1790
1746 1791
1747 1790
1747 1748
1747 1791
1747 1792
1748 1791
1748 1749
1748 1792
1748 1793
1749 1792
1749 1750
1749 1793
1749 1794
1750 1793
1750 1751
1750 1794
1750 1795
1751 1794
1751 1752
1751 1795
1751 1796
1752 1795
1752 1753
1752 1796
1752 1797
1753 1796
1753 1754
1753 1797
1753 1798
1754 1797
1754 1755
1754 1798
1754 1799
1755 1798
1755 1756
1755 1799
1755 1800
1756 1799
1756 1757
1756 1800
1756 1801
1757 1800
1757 1758
1757 1801
1757 1802
1758 1801
1758 1759
1758 1802
1758 1803
1759 1802
1759 1760
1759 1803
1759 1804
1760 1803
1761 1762
1761 1805
1761 1806
1762 1805
1762 1763
1762 1806
1762 1807
1763 1806
1763 1764
1763 1807
1763 1808
1764 1807
1764 1765
1764 1808
1764 1809
1765 1808
1765 1766
1765 1809
1765 1810
1766 1809
1766 1767
1766 1810
1766 1811
1767 1810
1767 1768
1767 1811
1767 1812
1768 1811
1768 1769
1768 1812
1768 1813
1769 1812
1769 1770
1769 1813
1769 1814
1770 1813
1770 1771
1770 1814
1770 1815
1771 1814
1771 1772
1771 1815
1771 1816
1772 1815
1772 1773
1772 1816
1772 1817
1773 1816
1773 1774
1773 1817
1773 1818
1774 1817
1774 1775
1774 1818
1774 1819
1775 1818
1775 1776
1775 1819
1775 1820
1776 1819
1776 1777
1776 1820
1776 1821
1777 1820
1777 1778
1777 1821
1777 1822
1778 1821
1778 1779
1778 1822
1778 1823
1779 1822
1779 1780
1779 1823
1779 1824
1780 1823
1780 1781
1780 1824
1780 1825
1781 1824
1781 1782
1781 1825
1781 1826
1782 1825
1782 1783
1782 1826
1782 1827
1783 1826
1783 1784
1783 1827
1783 1828
1784 1827
1784 1785
1784 1828
1784 1829
1785 1828
1785 1786
1785 1829
1785 1830
1786 1829
1786 1787
1786 1830
1786 1831
1787 1830
1787 1788
1787 1831
1787 1832
1788 1831
1788 1789
1788 1832
1788 1833
1789 1832
1789 1790
1789 1833
1789 1834
1790 1833
1790 1791
1790 1834
1790 1835
1791 1834
1791 1792
1791 1835
1791 1836
1792 1835
1792 1793
1792 1836
1792 1837
1793 1836
1793 1794
1793 1837
1793 1838
1794 1837
1794 1795
1794 1838
1794 1839
1795 1838
1795 1796
1795 1839
1795 1840
1796 1839
1796 1797
1796 1840
1796 1841
1797 1840
1797 1798
1797 1841
1797 1842
1798 1841
1798 1799
1798 1842
1798 1843
1799 1842
1799 1800
1799 1843
1799 1844
1800 1843
1800 1801
1800 1844
1800 1845
1801 1844
1801 1802
1801 1845
1801 1846
1802 1845
1802 1803
1802 1846
1802 1847
1803 1846
1803 1804
1803 1847
1803 1848
1804 1847
1805 1806
1805 1849
1805 1850
1806 1849
1806 1807
1806 1850
1806 1851
1807 1850
1807 1808
1807 1851
1807 1852
1808 1851
1808 1809
1808 1852
1808 1853
1809 1852
1809 1810
1809 1853
1809 1854
1810 1853
1810 1811
1810 1854
1810 1855
1811 1854
1811 1812
1811 1855
1811 1856
1812 1855
1812 1813
1812 1856
1812 1857
1813 1856
1813 1814
1813 1857
1813 1858
1814 1857
1814 1815
1814 1858
1814 1859
1815 1858
1815 1816
1815 1859
1815 1860
1816 1859
1816 1817
1816 1860
1816 1861
1817 1860
1817 1818
1817 1861
1817 1862
1818 1861
1818 1819
1818 1862
1818 1863
1819 1862
1819 1820
1819 1863
1819 1864
1820 1863
1820 1821
1820 1864
1820 1865
1821 1864
1821 1822
1821 1865
1821 1866
1822 1865
1822 1823
1822 1866
1822 1867
1823 1866
1823 1824
1823 1867
1823 1868
1824 1867
1824 1825
1824 1868
1824 1869
1825 1868
1825 1826
1825 1869
1825 1870
1826 1869
1826 1827
1826 1870
1826 1871
1827 1870
1827 1828
1827 1871
1827 1872
1828 1871
1828 1829
1828 1872
1828 1873
1829 1872
1829 1830
1829 1873
1829 1874
1830 1873
1830 1831
1830 1874
1830 1875
1831 1874
1831 1832
1831 1875
1831 1876
1832 1875
1832 1833
1832 1876
1832 1877
1833 1876
1833 1834
1833 1877
1833 1878
1834 1877
1834 1835
1834 1878
1834 1879
1835 1878
1835 1836
1835 1879
1835 1880
1836 1879
1836 1837
1836 1880
1836 1881
1837 1880
1837 1838
1837 1881
1837 1882
1838 1881
1838 1839
1838 1882
1838 1883
1839 1882
1839 1840
1839 1883
1839 1884
1840 1883
1840 1841
1840 1884
1840 1885
1841 1884
1841 1842
1841 1885
1841 1886
1842 1885
1842 1843
1842 1886
1842 1887
1843 1886
1843 1844
1843 1887
1843 1888
1844 1887
1844 1845
1844 1888
1844 1889
1845 1888
1845 1846
1845 1889
1845 1890
1846 1889
1846 1847
1846 1890
1846 1891
1847 1890
1847 1848
1847 1891
1847 1892
1848 1891
1849 1850
1849 1893
1849 1894
1850 1893
1850 1851
1850 1894
1850 1895
1851 1894
1851 1852
1851 1895
1851 1896
1852 1895
1852 1853
1852 1896
1852 1897
1853 1896
1853 1854
1853 1897
1853 1898
1854 1897
1854 1855
1854 1898
1854 1899
1855 1898
1855 1856
1855 1899
1855 1900
1856 1899
1856 1857
1856 1900
1856 1901
1857 1900
1857 1858
1857 1901
1857 1902
1858 1901
1858 1859
1858 1902
1858 1903
1859 1902
1859 1860
1859 1903
1859 1904
1860 1903
1860 1861
1860 1904
1860 1905
1861 1904
1861 1862
1861 1905
1861 1906
1862 1905
1862 1863
1862 1906
1862 1907
1863 1906
1863 1864
1863 1907
1863 1908
1864 1907
1864 1865
1864 1908
1864 1909
1865 1908
1865 1866
1865 1909
1865 1910
1866 1909
1866 1867
1866 1910
1866 1911
1867 1910
1867 1868
1867 1911
1867 1912
1868 1911
1868 1869
1868 1912
1868 1913
1869 1912
1869 1870
1869 1913
1869 1914
1870 1913
1870 1871
1870 1914
1870 1915
1871 1914
1871 1872
1871 1915
1871 1916
1872 1915
1872 1873
1872 1916
1872 1917
1873 1916
1873 1874
1873 1917
1873 1918
1874 1917
1874 1875
1874 1918
1874 1919
1875 1918
1875 1876
1875 1919
1875 1920
1876 1919
1876 1877
1876 1920
1876 1921
1877 1920
1877 1878
1877 1921
1877 1922
1878 1921
1878 1879
1878 1922
1878 1923
1879 1922
1879 1880
1879 1923
1879 1924
1880 1923
1880 1881
1880 1924
1880 1925
1881 1924
1881 1882
1881 1925
1881 1926
1882 1925
1882 1883
1882 1926
1882 1927
1883 1926
1883 1884
1883 1927
1883 1928
1884 1927
1884 1885
1884 1928
1884 1929
1885 1928
1885 1886
1885 1929
1885 1930
1886 1929
1886 1887
1886 1930
1886 1931
1887 1930
1887 1888
1887 1931
1887 1932
1888 1931
1888 1889
1888 1932
1888 1933
1889 1932
1889 1890
1889 1933
1889 1934
1890 1933
1890 1891
1890 1934
1890 1935
1891 1934
1891 1892
1891 1935
1891 1936
1892 1935
44 88
88 132
132 176
176 220
220 264
264 308
308 352
352 396
396 440
440 484
484 528
528 572
572 616
616 660
660 704
704 748
748 792
792 836
836 880
880 924
924 968
968 1012
1012 1056
1056 1100
1100 1144
1144 1188
1188 1232
1232 1276
1276 1320
1320 1364
1364 1408
1408 1452
1452 1496
1496 1540
1540 1584
1584 1628
1628 1672
1672 1716
1716 1760
1760 1804
1804 1848
1848 1892
1892 1936
1893 1894
1894 1895
1895 1896
1896 1897
1897 1898
1898 1899
1899 1900
1900 1901
1901 1902
1902 1903
1903 1904
1904 1905
1905 1906
1906 1907
1907 1908
1908 1909
1909 1910
1910 1911
1911 1912
1912 1913
1913 1914
1914 1915
1915 1916
1916 1917
1917 1918
1918 1919
1919 1920
1920 1921
1921 1922
1922 1923
1923 1924
1924 1925
1925 1926
1926 1927
1927 1928
1928 1929
1929 1930
1930 1931
1931 1932
1932 1933
1933 1934
1934 1935
1935 1936
