66 2145
1 2 1
1 3 2
1 4 13
1 5 11
1 6 5
1 7 0
1 8 0
1 9 9
1 10 0
1 11 9
1 12 7
1 13 9
1 14 4
1 15 1
1 16 5
1 17 11
1 18 11
1 19 7
1 20 14
1 21 3
1 22 4
1 23 9
1 24 6
1 25 3
1 26 9
1 27 9
1 28 2
1 29 2
1 30 3
1 31 10
1 32 10
1 33 13
1 34 0
1 35 3
1 36 10
1 37 9
1 38 1
1 39 15
1 40 5
1 41 7
1 42 15
1 43 15
1 44 2
1 45 7
1 46 5
1 47 10
1 48 8
1 49 8
1 50 10
1 51 2
1 52 0
1 53 14
1 54 10
1 55 14
1 56 13
1 57 15
1 58 8
1 59 0
1 60 1
1 61 14
1 62 9
1 63 14
1 64 5
1 65 10
1 66 0
2 3 7
2 4 13
2 5 10
2 6 8
2 7 0
2 8 11
2 9 3
2 10 0
2 11 8
2 12 14
2 13 0
2 14 7
2 15 9
2 16 1
2 17 5
2 18 7
2 19 12
2 20 12
2 21 10
2 22 10
2 23 9
2 24 5
2 25 2
2 26 0
2 27 0
2 28 13
2 29 3
2 30 3
2 31 7
2 32 13
2 33 2
2 34 15
2 35 14
2 36 1
2 37 10
2 38 9
2 39 6
2 40 8
2 41 1
2 42 4
2 43 6
2 44 2
2 45 4
2 46 3
2 47 11
2 48 15
2 49 5
2 50 10
2 51 13
2 52 2
2 53 11
2 54 3
2 55 1
2 56 0
2 57 10
2 58 0
2 59 3
2 60 6
2 61 7
2 62 0
2 63 2
2 64 1
2 65 15
2 66 13
3 4 12
3 5 14
3 6 1
3 7 2
3 8 10
3 9 0
3 10 3
3 11 13
3 12 2
3 13 11
3 14 1
3 15 11
3 16 15
3 17 14
3 18 4
3 19 6
3 20 6
3 21 10
3 22 7
3 23 10
3 24 12
3 25 10
3 26 4
3 27 7
3 28 1
3 29 4
3 30 13
3 31 0
3 32 4
3 33 5
3 34 10
3 35 7
3 36 10
3 37 13
3 38 2
3 39 3
3 40 11
3 41 7
3 42 10
3 43 12
3 44 3
3 45 13
3 46 3
3 47 4
3 48 0
3 49 9
3 50 7
3 51 4
3 52 6
3 53 4
3 54 10
3 55 0
3 56 10
3 57 12
3 58 13
3 59 5
3 60 0
3 61 12
3 62 7
3 63 11
3 64 7
3 65 4
3 66 4
4 5 11
4 6 0
4 7 10
4 8 15
4 9 4
4 10 10
4 11 13
4 12 7
4 13 15
4 14 5
4 15 11
4 16 12
4 17 3
4 18 9
4 19 12
4 20 2
4 21 15
4 22 6
4 23 1
4 24 12
4 25 9
4 26 7
4 27 3
4 28 7
4 29 1
4 30 3
4 31 5
4 32 0
4 33 9
4 34 9
4 35 3
4 36 13
4 37 15
4 38 3
4 39 14
4 40 8
4 41 13
4 42 12
4 43 15
4 44 11
4 45 14
4 46 7
4 47 14
4 48 9
4 49 7
4 50 4
4 51 13
4 52 5
4 53 8
4 54 8
4 55 11
4 56 5
4 57 6
4 58 13
4 59 2
4 60 1
4 61 15
4 62 3
4 63 8
4 64 13
4 65 13
4 66 14
5 6 14
5 7 14
5 8 6
5 9 13
5 10 12
5 11 5
5 12 0
5 13 13
5 14 4
5 15 5
5 16 10
5 17 7
5 18 4
5 19 14
5 20 4
5 21 15
5 22 7
5 23 9
5 24 9
5 25 7
5 26 9
5 27 13
5 28 15
5 29 8
5 30 9
5 31 8
5 32 14
5 33 7
5 34 14
5 35 12
5 36 15
5 37 7
5 38 1
5 39 5
5 40 11
5 41 5
5 42 3
5 43 7
5 44 12
5 45 1
5 46 12
5 47 12
5 48 1
5 49 1
5 50 5
5 51 8
5 52 12
5 53 6
5 54 14
5 55 14
5 56 4
5 57 7
5 58 6
5 59 11
5 60 15
5 61 0
5 62 5
5 63 12
5 64 14
5 65 13
5 66 13
6 7 8
6 8 4
6 9 9
6 10 4
6 11 15
6 12 9
6 13 14
6 14 12
6 15 7
6 16 1
6 17 2
6 18 4
6 19 5
6 20 6
6 21 12
6 22 14
6 23 7
6 24 4
6 25 9
6 26 8
6 27 10
6 28 10
6 29 3
6 30 10
6 31 5
6 32 3
6 33 14
6 34 3
6 35 7
6 36 0
6 37 7
6 38 5
6 39 1
6 40 0
6 41 4
6 42 12
6 43 8
6 44 4
6 45 8
6 46 11
6 47 2
6 48 3
6 49 2
6 50 12
6 51 8
6 52 3
6 53 7
6 54 13
6 55 4
6 56 13
6 57 8
6 58 3
6 59 3
6 60 4
6 61 13
6 62 1
6 63 4
6 64 9
6 65 15
6 66 2
7 8 0
7 9 6
7 10 13
7 11 2
7 12 6
7 13 13
7 14 4
7 15 0
7 16 14
7 17 9
7 18 1
7 19 10
7 20 15
7 21 11
7 22 2
7 23 5
7 24 2
7 25 8
7 26 6
7 27 10
7 28 6
7 29 6
7 30 1
7 31 6
7 32 10
7 33 13
7 34 11
7 35 14
7 36 13
7 37 12
7 38 1
7 39 1
7 40 12
7 41 1
7 42 5
7 43 9
7 44 11
7 45 14
7 46 5
7 47 7
7 48 8
7 49 9
7 50 2
7 51 8
7 52 2
7 53 1
7 54 3
7 55 13
7 56 9
7 57 7
7 58 1
7 59 14
7 60 2
7 61 5
7 62 10
7 63 13
7 64 7
7 65 1
7 66 15
8 9 4
8 10 14
8 11 4
8 12 0
8 13 2
8 14 0
8 15 12
8 16 5
8 17 2
8 18 6
8 19 0
8 20 4
8 21 7
8 22 8
8 23 10
8 24 9
8 25 1
8 26 3
8 27 10
8 28 9
8 29 5
8 30 2
8 31 4
8 32 14
8 33 5
8 34 3
8 35 0
8 36 3
8 37 14
8 38 3
8 39 13
8 40 13
8 41 15
8 42 1
8 43 14
8 44 2
8 45 3
8 46 14
8 47 12
8 48 4
8 49 3
8 50 9
8 51 2
8 52 4
8 53 1
8 54 13
8 55 12
8 56 12
8 57 9
8 58 9
8 59 10
8 60 13
8 61 5
8 62 15
8 63 15
8 64 8
8 65 3
8 66 10
9 10 13
9 11 0
9 12 13
9 13 3
9 14 11
9 15 1
9 16 4
9 17 7
9 18 10
9 19 14
9 20 2
9 21 6
9 22 7
9 23 0
9 24 13
9 25 5
9 26 9
9 27 4
9 28 10
9 29 10
9 30 4
9 31 7
9 32 12
9 33 0
9 34 12
9 35 14
9 36 5
9 37 13
9 38 15
9 39 1
9 40 14
9 41 12
9 42 4
9 43 4
9 44 4
9 45 4
9 46 13
9 47 9
9 48 1
9 49 6
9 50 8
9 51 8
9 52 13
9 53 8
9 54 2
9 55 4
9 56 9
9 57 6
9 58 3
9 59 1
9 60 5
9 61 7
9 62 4
9 63 0
9 64 7
9 65 4
9 66 12
10 11 3
10 12 10
10 13 10
10 14 8
10 15 9
10 16 15
10 17 12
10 18 5
10 19 10
10 20 15
10 21 14
10 22 13
10 23 2
10 24 4
10 25 15
10 26 13
10 27 5
10 28 8
10 29 10
10 30 9
10 31 0
10 32 11
10 33 0
10 34 10
10 35 15
10 36 14
10 37 5
10 38 8
10 39 0
10 40 6
10 41 8
10 42 2
10 43 0
10 44 15
10 45 4
10 46 15
10 47 10
10 48 15
10 49 10
10 50 12
10 51 14
10 52 5
10 53 11
10 54 8
10 55 3
10 56 11
10 57 1
10 58 3
10 59 6
10 60 12
10 61 3
10 62 15
10 63 11
10 64 10
10 65 8
10 66 5
11 12 2
11 13 0
11 14 11
11 15 1
11 16 13
11 17 9
11 18 2
11 19 13
11 20 10
11 21 7
11 22 14
11 23 0
11 24 10
11 25 13
11 26 3
11 27 10
11 28 8
11 29 0
11 30 9
11 31 1
11 32 1
11 33 13
11 34 15
11 35 9
11 36 5
11 37 6
11 38 8
11 39 5
11 40 10
11 41 10
11 42 10
11 43 13
11 44 6
11 45 7
11 46 0
11 47 9
11 48 7
11 49 10
11 50 9
11 51 7
11 52 10
11 53 4
11 54 3
11 55 0
11 56 15
11 57 8
11 58 1
11 59 2
11 60 6
11 61 6
11 62 3
11 63 5
11 64 10
11 65 6
11 66 7
12 13 5
12 14 10
12 15 7
12 16 2
12 17 13
12 18 8
12 19 5
12 20 11
12 21 5
12 22 3
12 23 5
12 24 4
12 25 1
12 26 3
12 27 0
12 28 3
12 29 10
12 30 15
12 31 11
12 32 4
12 33 6
12 34 0
12 35 2
12 36 11
12 37 0
12 38 7
12 39 2
12 40 1
12 41 2
12 42 14
12 43 10
12 44 12
12 45 3
12 46 13
12 47 4
12 48 14
12 49 6
12 50 12
12 51 11
12 52 1
12 53 8
12 54 7
12 55 15
12 56 11
12 57 0
12 58 11
12 59 4
12 60 1
12 61 11
12 62 15
12 63 9
12 64 6
12 65 3
12 66 3
13 14 5
13 15 14
13 16 8
13 17 3
13 18 4
13 19 8
13 20 14
13 21 0
13 22 1
13 23 1
13 24 2
13 25 0
13 26 1
13 27 5
13 28 13
13 29 12
13 30 9
13 31 2
13 32 0
13 33 1
13 34 6
13 35 14
13 36 1
13 37 8
13 38 8
13 39 11
13 40 4
13 41 4
13 42 3
13 43 0
13 44 3
13 45 14
13 46 8
13 47 12
13 48 9
13 49 10
13 50 4
13 51 3
13 52 7
13 53 0
13 54 9
13 55 9
13 56 13
13 57 15
13 58 12
13 59 11
13 60 10
13 61 4
13 62 9
13 63 5
13 64 10
13 65 5
13 66 15
14 15 8
14 16 0
14 17 14
14 18 2
14 19 2
14 20 7
14 21 9
14 22 7
14 23 4
14 24 10
14 25 2
14 26 1
14 27 2
14 28 6
14 29 3
14 30 2
14 31 8
14 32 3
14 33 5
14 34 13
14 35 2
14 36 5
14 37 2
14 38 11
14 39 2
14 40 6
14 41 7
14 42 8
14 43 4
14 44 13
14 45 0
14 46 9
14 47 6
14 48 6
14 49 15
14 50 9
14 51 6
14 52 15
14 53 12
14 54 15
14 55 11
14 56 13
14 57 11
14 58 12
14 59 15
14 60 4
14 61 3
14 62 14
14 63 14
14 64 1
14 65 0
14 66 0
15 16 10
15 17 8
15 18 2
15 19 0
15 20 4
15 21 5
15 22 13
15 23 12
15 24 14
15 25 13
15 26 10
15 27 14
15 28 11
15 29 8
15 30 6
15 31 14
15 32 9
15 33 11
15 34 4
15 35 13
15 36 4
15 37 14
15 38 1
15 39 12
15 40 14
15 41 3
15 42 9
15 43 15
15 44 8
15 45 10
15 46 14
15 47 0
15 48 5
15 49 2
15 50 0
15 51 15
15 52 4
15 53 12
15 54 8
15 55 3
15 56 15
15 57 2
15 58 13
15 59 8
15 60 11
15 61 3
15 62 15
15 63 15
15 64 3
15 65 14
15 66 2
16 17 5
16 18 8
16 19 10
16 20 6
16 21 10
16 22 6
16 23 6
16 24 9
16 25 2
16 26 6
16 27 15
16 28 13
16 29 1
16 30 6
16 31 13
16 32 14
16 33 14
16 34 6
16 35 2
16 36 4
16 37 7
16 38 8
16 39 0
16 40 1
16 41 3
16 42 0
16 43 1
16 44 14
16 45 8
16 46 10
16 47 10
16 48 3
16 49 1
16 50 7
16 51 10
16 52 10
16 53 13
16 54 8
16 55 0
16 56 2
16 57 7
16 58 15
16 59 7
16 60 8
16 61 11
16 62 11
16 63 11
16 64 7
16 65 8
16 66 11
17 18 13
17 19 13
17 20 5
17 21 8
17 22 4
17 23 8
17 24 8
17 25 14
17 26 5
17 27 10
17 28 14
17 29 3
17 30 11
17 31 10
17 32 13
17 33 13
17 34 7
17 35 13
17 36 7
17 37 13
17 38 12
17 39 5
17 40 9
17 41 15
17 42 1
17 43 8
17 44 13
17 45 2
17 46 3
17 47 14
17 48 4
17 49 15
17 50 9
17 51 4
17 52 9
17 53 6
17 54 8
17 55 4
17 56 1
17 57 3
17 58 8
17 59 1
17 60 1
17 61 7
17 62 11
17 63 11
17 64 13
17 65 7
17 66 4
18 19 7
18 20 9
18 21 9
18 22 13
18 23 1
18 24 15
18 25 1
18 26 12
18 27 15
18 28 5
18 29 1
18 30 2
18 31 1
18 32 8
18 33 5
18 34 13
18 35 13
18 36 7
18 37 13
18 38 9
18 39 10
18 40 7
18 41 3
18 42 3
18 43 13
18 44 6
18 45 14
18 46 0
18 47 11
18 48 9
18 49 5
18 50 5
18 51 3
18 52 3
18 53 6
18 54 6
18 55 10
18 56 9
18 57 0
18 58 5
18 59 0
18 60 6
18 61 12
18 62 0
18 63 9
18 64 3
18 65 4
18 66 0
19 20 5
19 21 11
19 22 2
19 23 5
19 24 6
19 25 8
19 26 7
19 27 11
19 28 8
19 29 3
19 30 11
19 31 8
19 32 5
19 33 8
19 34 4
19 35 15
19 36 3
19 37 5
19 38 15
19 39 13
19 40 11
19 41 11
19 42 2
19 43 5
19 44 4
19 45 0
19 46 3
19 47 0
19 48 11
19 49 4
19 50 1
19 51 14
19 52 14
19 53 11
19 54 14
19 55 11
19 56 2
19 57 9
19 58 9
19 59 0
19 60 4
19 61 0
19 62 6
19 63 0
19 64 8
19 65 3
19 66 3
20 21 13
20 22 6
20 23 7
20 24 15
20 25 10
20 26 7
20 27 9
20 28 6
20 29 10
20 30 5
20 31 11
20 32 8
20 33 10
20 34 14
20 35 6
20 36 14
20 37 4
20 38 4
20 39 0
20 40 12
20 41 2
20 42 0
20 43 9
20 44 9
20 45 6
20 46 0
20 47 7
20 48 0
20 49 12
20 50 7
20 51 0
20 52 5
20 53 9
20 54 9
20 55 9
20 56 14
20 57 0
20 58 9
20 59 7
20 60 5
20 61 12
20 62 2
20 63 13
20 64 10
20 65 3
20 66 13
21 22 3
21 23 15
21 24 1
21 25 5
21 26 15
21 27 5
21 28 6
21 29 3
21 30 9
21 31 13
21 32 15
21 33 0
21 34 2
21 35 15
21 36 14
21 37 0
21 38 1
21 39 11
21 40 13
21 41 8
21 42 14
21 43 10
21 44 3
21 45 13
21 46 6
21 47 11
21 48 8
21 49 15
21 50 2
21 51 10
21 52 2
21 53 6
21 54 12
21 55 0
21 56 4
21 57 13
21 58 10
21 59 3
21 60 5
21 61 3
21 62 12
21 63 10
21 64 14
21 65 11
21 66 8
22 23 5
22 24 10
22 25 6
22 26 8
22 27 5
22 28 5
22 29 7
22 30 11
22 31 7
22 32 8
22 33 5
22 34 8
22 35 12
22 36 14
22 37 3
22 38 5
22 39 0
22 40 8
22 41 7
22 42 13
22 43 7
22 44 2
22 45 7
22 46 3
22 47 5
22 48 10
22 49 7
22 50 8
22 51 15
22 52 2
22 53 6
22 54 11
22 55 6
22 56 6
22 57 2
22 58 1
22 59 8
22 60 1
22 61 7
22 62 9
22 63 12
22 64 4
22 65 10
22 66 14
23 24 4
23 25 13
23 26 4
23 27 4
23 28 5
23 29 7
23 30 0
23 31 12
23 32 2
23 33 10
23 34 14
23 35 3
23 36 10
23 37 4
23 38 9
23 39 4
23 40 0
23 41 11
23 42 3
23 43 12
23 44 10
23 45 15
23 46 4
23 47 3
23 48 4
23 49 11
23 50 3
23 51 6
23 52 13
23 53 2
23 54 11
23 55 11
23 56 14
23 57 9
23 58 3
23 59 7
23 60 14
23 61 12
23 62 5
23 63 13
23 64 10
23 65 1
23 66 3
24 25 6
24 26 12
24 27 9
24 28 7
24 29 14
24 30 15
24 31 15
24 32 3
24 33 9
24 34 1
24 35 3
24 36 4
24 37 14
24 38 9
24 39 5
24 40 3
24 41 0
24 42 1
24 43 14
24 44 0
24 45 2
24 46 9
24 47 15
24 48 11
24 49 4
24 50 1
24 51 5
24 52 1
24 53 2
24 54 7
24 55 10
24 56 6
24 57 3
24 58 14
24 59 9
24 60 8
24 61 9
24 62 4
24 63 8
24 64 1
24 65 5
24 66 11
25 26 13
25 27 9
25 28 2
25 29 6
25 30 7
25 31 3
25 32 6
25 33 11
25 34 12
25 35 15
25 36 9
25 37 13
25 38 4
25 39 8
25 40 3
25 41 0
25 42 7
25 43 11
25 44 13
25 45 6
25 46 7
25 47 15
25 48 3
25 49 0
25 50 1
25 51 0
25 52 11
25 53 15
25 54 5
25 55 3
25 56 1
25 57 11
25 58 3
25 59 7
25 60 14
25 61 2
25 62 2
25 63 7
25 64 6
25 65 13
25 66 15
26 27 4
26 28 12
26 29 4
26 30 3
26 31 7
26 32 9
26 33 1
26 34 14
26 35 2
26 36 8
26 37 7
26 38 8
26 39 11
26 40 6
26 41 10
26 42 11
26 43 3
26 44 6
26 45 5
26 46 3
26 47 13
26 48 14
26 49 0
26 50 12
26 51 6
26 52 14
26 53 10
26 54 14
26 55 13
26 56 3
26 57 1
26 58 7
26 59 0
26 60 1
26 61 12
26 62 14
26 63 4
26 64 6
26 65 6
26 66 15
27 28 9
27 29 2
27 30 4
27 31 8
27 32 10
27 33 15
27 34 3
27 35 9
27 36 8
27 37 0
27 38 13
27 39 14
27 40 11
27 41 2
27 42 15
27 43 6
27 44 13
27 45 4
27 46 14
27 47 15
27 48 2
27 49 11
27 50 0
27 51 0
27 52 1
27 53 6
27 54 7
27 55 15
27 56 1
27 57 11
27 58 8
27 59 4
27 60 13
27 61 5
27 62 14
27 63 8
27 64 4
27 65 13
27 66 8
28 29 1
28 30 13
28 31 4
28 32 13
28 33 14
28 34 4
28 35 7
28 36 12
28 37 13
28 38 15
28 39 0
28 40 6
28 41 12
28 42 1
28 43 0
28 44 2
28 45 7
28 46 13
28 47 2
28 48 13
28 49 0
28 50 12
28 51 5
28 52 14
28 53 4
28 54 12
28 55 4
28 56 10
28 57 10
28 58 8
28 59 9
28 60 8
28 61 11
28 62 2
28 63 8
28 64 12
28 65 14
28 66 15
29 30 4
29 31 4
29 32 11
29 33 10
29 34 6
29 35 9
29 36 4
29 37 9
29 38 3
29 39 11
29 40 8
29 41 11
29 42 12
29 43 1
29 44 13
29 45 0
29 46 9
29 47 13
29 48 0
29 49 1
29 50 11
29 51 5
29 52 7
29 53 7
29 54 3
29 55 3
29 56 4
29 57 6
29 58 3
29 59 9
29 60 7
29 61 13
29 62 4
29 63 6
29 64 4
29 65 5
29 66 5
30 31 3
30 32 12
30 33 13
30 34 3
30 35 9
30 36 3
30 37 14
30 38 10
30 39 10
30 40 15
30 41 5
30 42 4
30 43 1
30 44 1
30 45 2
30 46 3
30 47 15
30 48 7
30 49 7
30 50 1
30 51 7
30 52 10
30 53 6
30 54 11
30 55 8
30 56 14
30 57 0
30 58 10
30 59 10
30 60 14
30 61 11
30 62 9
30 63 8
30 64 14
30 65 7
30 66 8
31 32 1
31 33 6
31 34 10
31 35 14
31 36 4
31 37 8
31 38 11
31 39 7
31 40 14
31 41 10
31 42 12
31 43 10
31 44 8
31 45 3
31 46 13
31 47 2
31 48 4
31 49 3
31 50 8
31 51 13
31 52 4
31 53 1
31 54 14
31 55 1
31 56 2
31 57 0
31 58 2
31 59 0
31 60 12
31 61 8
31 62 2
31 63 0
31 64 9
31 65 0
31 66 0
32 33 5
32 34 3
32 35 14
32 36 2
32 37 7
32 38 1
32 39 9
32 40 11
32 41 9
32 42 10
32 43 14
32 44 15
32 45 0
32 46 9
32 47 9
32 48 12
32 49 4
32 50 13
32 51 7
32 52 14
32 53 2
32 54 12
32 55 10
32 56 6
32 57 5
32 58 9
32 59 5
32 60 15
32 61 3
32 62 4
32 63 10
32 64 13
32 65 14
32 66 5
33 34 10
33 35 13
33 36 12
33 37 1
33 38 10
33 39 9
33 40 2
33 41 3
33 42 3
33 43 14
33 44 2
33 45 8
33 46 0
33 47 9
33 48 5
33 49 0
33 50 0
33 51 8
33 52 13
33 53 6
33 54 15
33 55 14
33 56 12
33 57 4
33 58 9
33 59 2
33 60 7
33 61 12
33 62 8
33 63 12
33 64 8
33 65 5
33 66 9
34 35 15
34 36 11
34 37 14
34 38 9
34 39 13
34 40 3
34 41 4
34 42 6
34 43 1
34 44 10
34 45 5
34 46 12
34 47 9
34 48 12
34 49 9
34 50 0
34 51 14
34 52 11
34 53 15
34 54 8
34 55 14
34 56 3
34 57 0
34 58 5
34 59 7
34 60 1
34 61 2
34 62 8
34 63 8
34 64 7
34 65 10
34 66 11
35 36 2
35 37 6
35 38 9
35 39 13
35 40 8
35 41 14
35 42 13
35 43 14
35 44 11
35 45 10
35 46 6
35 47 3
35 48 1
35 49 10
35 50 3
35 51 13
35 52 5
35 53 1
35 54 3
35 55 0
35 56 10
35 57 15
35 58 0
35 59 4
35 60 0
35 61 12
35 62 15
35 63 6
35 64 13
35 65 10
35 66 9
36 37 10
36 38 3
36 39 0
36 40 11
36 41 6
36 42 1
36 43 10
36 44 15
36 45 15
36 46 9
36 47 14
36 48 15
36 49 0
36 50 3
36 51 8
36 52 14
36 53 15
36 54 0
36 55 9
36 56 4
36 57 3
36 58 2
36 59 13
36 60 10
36 61 12
36 62 3
36 63 13
36 64 5
36 65 7
36 66 0
37 38 8
37 39 5
37 40 15
37 41 10
37 42 2
37 43 8
37 44 15
37 45 3
37 46 2
37 47 0
37 48 0
37 49 9
37 50 3
37 51 4
37 52 5
37 53 11
37 54 7
37 55 11
37 56 14
37 57 15
37 58 13
37 59 3
37 60 1
37 61 10
37 62 8
37 63 15
37 64 6
37 65 10
37 66 13
38 39 6
38 40 5
38 41 10
38 42 1
38 43 2
38 44 4
38 45 1
38 46 7
38 47 12
38 48 1
38 49 7
38 50 9
38 51 6
38 52 15
38 53 11
38 54 11
38 55 2
38 56 7
38 57 0
38 58 15
38 59 1
38 60 6
38 61 6
38 62 2
38 63 3
38 64 0
38 65 11
38 66 15
39 40 7
39 41 9
39 42 3
39 43 15
39 44 14
39 45 8
39 46 5
39 47 5
39 48 0
39 49 4
39 50 0
39 51 15
39 52 13
39 53 0
39 54 8
39 55 9
39 56 11
39 57 6
39 58 5
39 59 4
39 60 13
39 61 15
39 62 12
39 63 5
39 64 7
39 65 1
39 66 13
40 41 12
40 42 5
40 43 2
40 44 8
40 45 7
40 46 6
40 47 3
40 48 15
40 49 4
40 50 6
40 51 3
40 52 7
40 53 0
40 54 10
40 55 8
40 56 3
40 57 15
40 58 9
40 59 13
40 60 0
40 61 3
40 62 5
40 63 3
40 64 3
40 65 6
40 66 2
41 42 15
41 43 1
41 44 14
41 45 5
41 46 7
41 47 14
41 48 9
41 49 9
41 50 8
41 51 11
41 52 1
41 53 2
41 54 12
41 55 10
41 56 14
41 57 4
41 58 14
41 59 9
41 60 1
41 61 4
41 62 4
41 63 11
41 64 8
41 65 3
41 66 0
42 43 5
42 44 13
42 45 15
42 46 1
42 47 7
42 48 9
42 49 2
42 50 2
42 51 0
42 52 4
42 53 8
42 54 5
42 55 12
42 56 15
42 57 6
42 58 14
42 59 8
42 60 15
42 61 11
42 62 7
42 63 6
42 64 13
42 65 7
42 66 2
43 44 8
43 45 13
43 46 8
43 47 2
43 48 11
43 49 14
43 50 10
43 51 6
43 52 0
43 53 8
43 54 9
43 55 1
43 56 7
43 57 6
43 58 5
43 59 2
43 60 13
43 61 3
43 62 1
43 63 7
43 64 9
43 65 1
43 66 4
44 45 11
44 46 7
44 47 0
44 48 0
44 49 4
44 50 15
44 51 6
44 52 11
44 53 11
44 54 13
44 55 14
44 56 5
44 57 8
44 58 1
44 59 14
44 60 9
44 61 1
44 62 12
44 63 13
44 64 5
44 65 4
44 66 6
45 46 14
45 47 9
45 48 12
45 49 2
45 50 5
45 51 10
45 52 15
45 53 10
45 54 13
45 55 4
45 56 7
45 57 4
45 58 8
45 59 15
45 60 11
45 61 6
45 62 15
45 63 10
45 64 14
45 65 14
45 66 4
46 47 10
46 48 8
46 49 9
46 50 0
46 51 13
46 52 14
46 53 12
46 54 12
46 55 1
46 56 9
46 57 8
46 58 13
46 59 9
46 60 8
46 61 13
46 62 13
46 63 6
46 64 14
46 65 2
46 66 0
47 48 1
47 49 11
47 50 2
47 51 5
47 52 8
47 53 13
47 54 7
47 55 14
47 56 9
47 57 5
47 58 6
47 59 11
47 60 6
47 61 3
47 62 6
47 63 5
47 64 1
47 65 15
47 66 2
48 49 3
48 50 12
48 51 11
48 52 7
48 53 8
48 54 6
48 55 15
48 56 3
48 57 0
48 58 0
48 59 11
48 60 15
48 61 7
48 62 14
48 63 14
48 64 1
48 65 6
48 66 10
49 50 4
49 51 7
49 52 10
49 53 1
49 54 6
49 55 7
49 56 2
49 57 15
49 58 9
49 59 9
49 60 10
49 61 10
49 62 13
49 63 12
49 64 10
49 65 13
49 66 11
50 51 12
50 52 2
50 53 4
50 54 8
50 55 2
50 56 2
50 57 15
50 58 8
50 59 0
50 60 10
50 61 7
50 62 12
50 63 10
50 64 2
50 65 15
50 66 10
51 52 10
51 53 15
51 54 14
51 55 4
51 56 3
51 57 1
51 58 11
51 59 12
51 60 14
51 61 3
51 62 13
51 63 12
51 64 15
51 65 9
51 66 7
52 53 0
52 54 5
52 55 8
52 56 1
52 57 5
52 58 3
52 59 8
52 60 6
52 61 7
52 62 15
52 63 7
52 64 13
52 65 9
52 66 2
53 54 6
53 55 13
53 56 6
53 57 6
53 58 6
53 59 4
53 60 1
53 61 13
53 62 11
53 63 7
53 64 4
53 65 8
53 66 6
54 55 7
54 56 4
54 57 10
54 58 13
54 59 6
54 60 5
54 61 0
54 62 12
54 63 10
54 64 7
54 65 6
54 66 10
55 56 13
55 57 0
55 58 10
55 59 1
55 60 1
55 61 6
55 62 3
55 63 7
55 64 4
55 65 10
55 66 1
56 57 14
56 58 12
56 59 1
56 60 8
56 61 14
56 62 6
56 63 6
56 64 3
56 65 15
56 66 1
57 58 6
57 59 2
57 60 8
57 61 12
57 62 1
57 63 14
57 64 11
57 65 1
57 66 5
58 59 1
58 60 3
58 61 13
58 62 3
58 63 14
58 64 8
58 65 10
58 66 10
59 60 15
59 61 14
59 62 3
59 63 2
59 64 13
59 65 15
59 66 15
60 61 15
60 62 2
60 63 9
60 64 1
60 65 1
60 66 6
61 62 3
61 63 14
61 64 6
61 65 8
61 66 5
62 63 14
62 64 3
62 65 13
62 66 2
63 64 4
63 65 7
63 66 5
64 65 4
64 66 15
65 66 5
169 600
1 2
1 14
1 15
2 14
2 3
2 15
2 16
3 15
3 4
3 16
3 17
4 16
4 5
4 17
4 18
5 17
5 6
5 18
5 19
6 18
6 7
6 19
6 20
7 19
7 8
7 20
7 21
8 20
8 9
8 21
8 22
9 21
9 10
9 22
9 23
10 22
10 11
10 23
10 24
11 23
11 12
11 24
11 25
12 24
12 13
12 25
12 26
13 25
14 15
14 27
14 28
15 27
15 16
15 28
15 29
16 28
16 17
16 29
16 30
17 29
17 18
17 30
17 31
18 30
18 19
18 31
18 32
19 31
19 20
19 32
19 33
20 32
20 21
20 33
20 34
21 33
21 22
21 34
21 35
22 34
22 23
22 35
22 36
23 35
23 24
23 36
23 37
24 36
24 25
24 37
24 38
25 37
25 26
25 38
25 39
26 38
27 28
27 40
27 41
28 40
28 29
28 41
28 42
29 41
29 30
29 42
29 43
30 42
30 31
30 43
30 44
31 43
31 32
31 44
31 45
32 44
32 33
32 45
32 46
33 45
33 34
33 46
33 47
34 46
34 35
34 47
34 48
35 47
35 36
35 48
35 49
36 48
36 37
36 49
36 50
37 49
37 38
37 50
37 51
38 50
38 39
38 51
38 52
39 51
40 41
40 53
40 54
41 53
41 42
41 54
41 55
42 54
42 43
42 55
42 56
43 55
43 44
43 56
43 57
44 56
44 45
44 57
44 58
45 57
45 46
45 58
45 59
46 58
46 47
46 59
46 60
47 59
47 48
47 60
47 61
48 60
48 49
48 61
48 62
49 61
49 50
49 62
49 63
50 62
50 51
50 63
50 64
51 63
51 52
51 64
51 65
52 64
53 54
53 66
53 67
54 66
54 55
54 67
54 68
55 67
55 56
55 68
55 69
56 68
56 57
56 69
56 70
57 69
57 58
57 70
57 71
58 70
58 59
58 71
58 72
59 71
59 60
59 72
59 73
60 72
60 61
60 73
60 74
61 73
61 62
61 74
61 75
62 74
62 63
62 75
62 76
63 75
63 64
63 76
63 77
64 76
64 65
64 77
64 78
65 77
66 67
66 79
66 80
67 79
67 68
67 80
67 81
68 80
68 69
68 81
68 82
69 81
69 70
69 82
69 83
70 82
70 71
70 83
70 84
71 83
71 72
71 84
71 85
72 84
72 73
72 85
72 86
73 85
73 74
73 86
73 87
74 86
74 75
74 87
74 88
75 87
75 76
75 88
75 89
76 88
76 77
76 89
76 90
77 89
77 78
77 90
77 91
78 90
79 80
79 92
79 93
80 92
80 81
80 93
80 94
81 93
81 82
81 94
81 95
82 94
82 83
82 95
82 96
83 95
83 84
83 96
83 97
84 96
84 85
84 97
84 98
85 97
85 86
85 98
85 99
86 98
86 87
86 99
86 100
87 99
87 88
87 100
87 101
88 100
88 89
88 101
88 102
89 101
89 90
89 102
89 103
90 102
90 91
90 103
90 104
91 103
92 93
92 105
92 106
93 105
93 94
93 106
93 107
94 106
94 95
94 107
94 108
95 107
95 96
95 108
95 109
96 108
96 97
96 109
96 110
97 109
97 98
97 110
97 111
98 110
98 99
98 111
98 112
99 111
99 100
99 112
99 113
100 112
100 101
100 113
100 114
101 113
101 102
101 114
101 115
102 114
102 103
102 115
102 116
103 115
103 104
103 116
103 117
104 116
105 106
105 118
105 119
106 118
106 107
106 119
106 120
107 119
107 108
107 120
107 121
108 120
108 109
108 121
108 122
109 121
109 110
109 122
109 123
110 122
110 111
110 123
110 124
111 123
111 112
111 124
111 125
112 124
112 113
112 125
112 126
113 125
113 114
113 126
113 127
114 126
114 115
114 127
114 128
115 127
115 116
115 128
115 129
116 128
116 117
116 129
116 130
117 129
118 119
118 131
118 132
119 131
119 120
119 132
119 133
120 132
120 121
120 133
120 134
121 133
121 122
121 134
121 135
122 134
122 123
122 135
122 136
123 135
123 124
123 136
123 137
124 136
124 125
124 137
124 138
125 137
125 126
125 138
125 139
126 138
126 127
126 139
126 140
127 139
127 128
127 140
127 141
128 140
128 129
128 141
128 142
129 141
129 130
129 142
129 143
130 142
131 132
131 144
131 145
132 144
132 133
132 145
132 146
133 145
133 134
133 146
133 147
134 146
134 135
134 147
134 148
135 147
135 136
135 148
135 149
136 148
136 137
136 149
136 150
137 149
137 138
137 150
137 151
138 150
138 139
138 151
138 152
139 151
139 140
139 152
139 153
140 152
140 141
140 153
140 154
141 153
141 142
141 154
141 155
142 154
142 143
142 155
142 156
143 155
144 145
144 157
144 158
145 157
145 146
145 158
145 159
146 158
146 147
146 159
146 160
147 159
147 148
147 160
147 161
148 160
148 149
148 161
148 162
149 161
149 150
149 162
149 163
150 162
150 151
150 163
150 164
151 163
151 152
151 164
151 165
152 164
152 153
152 165
152 166
153 165
153 154
153 166
153 167
154 166
154 155
154 167
154 168
155 167
155 156
155 168
155 169
156 168
13 26
26 39
39 52
52 65
65 78
78 91
91 104
104 117
117 130
130 143
143 156
156 169
157 158
158 159
159 160
160 161
161 162
162 163
163 164
164 165
165 166
166 167
167 168
168 169
