49 1176
1 2 0
1 3 7
1 4 15
1 5 15
1 6 10
1 7 10
1 8 13
1 9 0
1 10 3
1 11 0
1 12 4
1 13 2
1 14 15
1 15 4
1 16 11
1 17 3
1 18 11
1 19 14
1 20 1
1 21 15
1 22 14
1 23 3
1 24 4
1 25 2
1 26 3
1 27 2
1 28 3
1 29 13
1 30 1
1 31 6
1 32 1
1 33 12
1 34 6
1 35 3
1 36 14
1 37 5
1 38 15
1 39 15
1 40 7
1 41 7
1 42 10
1 43 9
1 44 3
1 45 12
1 46 5
1 47 6
1 48 15
1 49 12
2 3 11
2 4 3
2 5 14
2 6 12
2 7 7
2 8 0
2 9 5
2 10 5
2 11 2
2 12 1
2 13 6
2 14 8
2 15 7
2 16 12
2 17 12
2 18 8
2 19 9
2 20 13
2 21 13
2 22 9
2 23 6
2 24 11
2 25 1
2 26 6
2 27 2
2 28 2
2 29 1
2 30 13
2 31 4
2 32 12
2 33 8
2 34 15
2 35 9
2 36 9
2 37 10
2 38 7
2 39 11
2 40 9
2 41 9
2 42 10
2 43 11
2 44 8
2 45 4
2 46 8
2 47 1
2 48 0
2 49 8
3 4 4
3 5 5
3 6 15
3 7 11
3 8 9
3 9 13
3 10 15
3 11 10
3 12 2
3 13 12
3 14 8
3 15 2
3 16 4
3 17 12
3 18 10
3 19 5
3 20 6
3 21 8
3 22 15
3 23 0
3 24 7
3 25 6
3 26 6
3 27 2
3 28 10
3 29 4
3 30 15
3 31 14
3 32 10
3 33 9
3 34 15
3 35 2
3 36 10
3 37 14
3 38 11
3 39 2
3 40 7
3 41 2
3 42 7
3 43 10
3 44 11
3 45 1
3 46 5
3 47 8
3 48 8
3 49 10
4 5 9
4 6 1
4 7 12
4 8 5
4 9 2
4 10 1
4 11 15
4 12 8
4 13 2
4 14 6
4 15 7
4 16 11
4 17 13
4 18 15
4 19 7
4 20 3
4 21 5
4 22 13
4 23 11
4 24 9
4 25 2
4 26 3
4 27 9
4 28 9
4 29 15
4 30 4
4 31 0
4 32 12
4 33 4
4 34 1
4 35 2
4 36 6
4 37 4
4 38 2
4 39 5
4 40 6
4 41 14
4 42 15
4 43 12
4 44 4
4 45 2
4 46 2
4 47 14
4 48 9
4 49 0
5 6 6
5 7 15
5 8 15
5 9 7
5 10 10
5 11 15
5 12 10
5 13 12
5 14 10
5 15 8
5 16 11
5 17 5
5 18 10
5 19 0
5 20 7
5 21 6
5 22 7
5 23 8
5 24 4
5 25 6
5 26 6
5 27 8
5 28 4
5 29 11
5 30 12
5 31 13
5 32 12
5 33 1
5 34 9
5 35 4
5 36 6
5 37 8
5 38 11
5 39 3
5 40 15
5 41 7
5 42 11
5 43 9
5 44 12
5 45 14
5 46 10
5 47 13
5 48 15
5 49 14
6 7 13
6 8 13
6 9 14
6 10 8
6 11 1
6 12 3
6 13 11
6 14 6
6 15 7
6 16 7
6 17 7
6 18 4
6 19 2
6 20 4
6 21 12
6 22 11
6 23 2
6 24 14
6 25 0
6 26 1
6 27 2
6 28 8
6 29 1
6 30 6
6 31 14
6 32 2
6 33 12
6 34 4
6 35 8
6 36 14
6 37 10
6 38 11
6 39 2
6 40 7
6 41 7
6 42 3
6 43 10
6 44 11
6 45 3
6 46 5
6 47 6
6 48 1
6 49 3
7 8 7
7 9 3
7 10 8
7 11 0
7 12 14
7 13 5
7 14 9
7 15 13
7 16 2
7 17 14
7 18 3
7 19 10
7 20 3
7 21 3
7 22 2
7 23 15
7 24 8
7 25 8
7 26 10
7 27 0
7 28 8
7 29 12
7 30 9
7 31 10
7 32 4
7 33 15
7 34 13
7 35 9
7 36 4
7 37 15
7 38 5
7 39 0
7 40 15
7 41 0
7 42 13
7 43 8
7 44 13
7 45 6
7 46 3
7 47 14
7 48 15
7 49 14
8 9 9
8 10 0
8 11 7
8 12 0
8 13 15
8 14 1
8 15 0
8 16 5
8 17 14
8 18 5
8 19 3
8 20 13
8 21 4
8 22 7
8 23 7
8 24 1
8 25 14
8 26 4
8 27 0
8 28 6
8 29 1
8 30 14
8 31 14
8 32 6
8 33 14
8 34 6
8 35 1
8 36 3
8 37 10
8 38 7
8 39 4
8 40 7
8 41 8
8 42 12
8 43 3
8 44 4
8 45 9
8 46 11
8 47 8
8 48 0
8 49 12
9 10 5
9 11 0
9 12 10
9 13 14
9 14 11
9 15 6
9 16 0
9 17 7
9 18 5
9 19 13
9 20 12
9 21 0
9 22 15
9 23 7
9 24 8
9 25 0
9 26 13
9 27 0
9 28 9
9 29 3
9 30 9
9 31 12
9 32 3
9 33 13
9 34 0
9 35 2
9 36 9
9 37 0
9 38 0
9 39 5
9 40 6
9 41 11
9 42 4
9 43 6
9 44 0
9 45 0
9 46 4
9 47 10
9 48 3
9 49 6
10 11 3
10 12 10
10 13 8
10 14 0
10 15 14
10 16 4
10 17 15
10 18 11
10 19 2
10 20 1
10 21 0
10 22 15
10 23 4
10 24 3
10 25 14
10 26 12
10 27 6
10 28 1
10 29 11
10 30 11
10 31 11
10 32 6
10 33 3
10 34 14
10 35 10
10 36 14
10 37 3
10 38 11
10 39 9
10 40 9
10 41 15
10 42 13
10 43 4
10 44 1
10 45 10
10 46 14
10 47 6
10 48 8
10 49 5
11 12 12
11 13 15
11 14 6
11 15 4
11 16 15
11 17 6
11 18 1
11 19 4
11 20 13
11 21 1
11 22 13
11 23 10
11 24 2
11 25 0
11 26 0
11 27 2
11 28 0
11 29 10
11 30 10
11 31 15
11 32 3
11 33 10
11 34 4
11 35 13
11 36 4
11 37 10
11 38 13
11 39 0
11 40 8
11 41 1
11 42 4
11 43 15
11 44 5
11 45 10
11 46 5
11 47 14
11 48 7
11 49 14
12 13 15
12 14 7
12 15 14
12 16 0
12 17 14
12 18 15
12 19 4
12 20 13
12 21 11
12 22 13
12 23 8
12 24 11
12 25 6
12 26 4
12 27 12
12 28 4
12 29 6
12 30 0
12 31 7
12 32 12
12 33 0
12 34 13
12 35 6
12 36 8
12 37 9
12 38 15
12 39 11
12 40 12
12 41 7
12 42 8
12 43 9
12 44 1
12 45 0
12 46 13
12 47 9
12 48 10
12 49 0
13 14 10
13 15 14
13 16 1
13 17 2
13 18 11
13 19 9
13 20 0
13 21 0
13 22 2
13 23 15
13 24 12
13 25 14
13 26 14
13 27 6
13 28 3
13 29 1
13 30 7
13 31 5
13 32 8
13 33 1
13 34 4
13 35 13
13 36 10
13 37 9
13 38 13
13 39 6
13 40 14
13 41 3
13 42 5
13 43 12
13 44 12
13 45 3
13 46 15
13 47 3
13 48 15
13 49 12
14 15 1
14 16 7
14 17 13
14 18 9
14 19 7
14 20 6
14 21 8
14 22 1
14 23 12
14 24 4
14 25 10
14 26 1
14 27 15
14 28 8
14 29 8
14 30 1
14 31 9
14 32 4
14 33 15
14 34 14
14 35 11
14 36 7
14 37 9
14 38 0
14 39 15
14 40 10
14 41 11
14 42 4
14 43 3
14 44 9
14 45 15
14 46 12
14 47 4
14 48 8
14 49 14
15 16 8
15 17 10
15 18 1
15 19 10
15 20 3
15 21 12
15 22 12
15 23 14
15 24 0
15 25 5
15 26 0
15 27 12
15 28 5
15 29 1
15 30 10
15 31 0
15 32 3
15 33 10
15 34 9
15 35 14
15 36 10
15 37 4
15 38 13
15 39 5
15 40 0
15 41 9
15 42 3
15 43 7
15 44 2
15 45 7
15 46 0
15 47 7
15 48 10
15 49 15
16 17 12
16 18 13
16 19 13
16 20 1
16 21 1
16 22 6
16 23 15
16 24 6
16 25 8
16 26 5
16 27 12
16 28 1
16 29 3
16 30 5
16 31 12
16 32 10
16 33 7
16 34 9
16 35 0
16 36 15
16 37 0
16 38 12
16 39 12
16 40 7
16 41 2
16 42 11
16 43 13
16 44 7
16 45 15
16 46 15
16 47 10
16 48 12
16 49 14
17 18 14
17 19 14
17 20 5
17 21 12
17 22 6
17 23 14
17 24 14
17 25 0
17 26 6
17 27 8
17 28 10
17 29 11
17 30 13
17 31 10
17 32 9
17 33 3
17 34 10
17 35 7
17 36 0
17 37 10
17 38 0
17 39 15
17 40 14
17 41 3
17 42 15
17 43 4
17 44 11
17 45 5
17 46 9
17 47 10
17 48 1
17 49 12
18 19 4
18 20 13
18 21 6
18 22 3
18 23 11
18 24 12
18 25 2
18 26 14
18 27 0
18 28 8
18 29 5
18 30 6
18 31 1
18 32 13
18 33 1
18 34 1
18 35 9
18 36 10
18 37 2
18 38 4
18 39 15
18 40 0
18 41 9
18 42 2
18 43 14
18 44 4
18 45 4
18 46 7
18 47 8
18 48 10
18 49 10
19 20 1
19 21 15
19 22 8
19 23 11
19 24 12
19 25 15
19 26 6
19 27 15
19 28 7
19 29 11
19 30 8
19 31 1
19 32 3
19 33 8
19 34 7
19 35 9
19 36 11
19 37 2
19 38 9
19 39 0
19 40 4
19 41 5
19 42 6
19 43 1
19 44 1
19 45 3
19 46 15
19 47 0
19 48 11
19 49 0
20 21 12
20 22 15
20 23 1
20 24 14
20 25 5
20 26 4
20 27 5
20 28 11
20 29 7
20 30 11
20 31 3
20 32 8
20 33 14
20 34 0
20 35 2
20 36 12
20 37 8
20 38 11
20 39 4
20 40 11
20 41 7
20 42 7
20 43 12
20 44 14
20 45 9
20 46 8
20 47 11
20 48 6
20 49 0
21 22 0
21 23 9
21 24 12
21 25 11
21 26 10
21 27 10
21 28 14
21 29 15
21 30 6
21 31 15
21 32 7
21 33 5
21 34 10
21 35 1
21 36 5
21 37 14
21 38 13
21 39 13
21 40 1
21 41 15
21 42 12
21 43 2
21 44 8
21 45 8
21 46 14
21 47 0
21 48 14
21 49 14
22 23 3
22 24 0
22 25 7
22 26 4
22 27 4
22 28 15
22 29 11
22 30 7
22 31 4
22 32 9
22 33 8
22 34 14
22 35 3
22 36 5
22 37 3
22 38 5
22 39 13
22 40 6
22 41 11
22 42 12
22 43 0
22 44 15
22 45 0
22 46 1
22 47 13
22 48 9
22 49 14
23 24 15
23 25 6
23 26 0
23 27 14
23 28 7
23 29 8
23 30 15
23 31 10
23 32 8
23 33 5
23 34 0
23 35 10
23 36 6
23 37 14
23 38 8
23 39 15
23 40 12
23 41 3
23 42 8
23 43 14
23 44 3
23 45 0
23 46 13
23 47 3
23 48 3
23 49 15
24 25 0
24 26 1
24 27 12
24 28 0
24 29 15
24 30 13
24 31 8
24 32 9
24 33 2
24 34 1
24 35 7
24 36 15
24 37 5
24 38 13
24 39 3
24 40 13
24 41 9
24 42 2
24 43 14
24 44 7
24 45 7
24 46 11
24 47 11
24 48 8
24 49 2
25 26 6
25 27 9
25 28 0
25 29 8
25 30 11
25 31 5
25 32 12
25 33 13
25 34 12
25 35 8
25 36 2
25 37 4
25 38 12
25 39 10
25 40 9
25 41 9
25 42 5
25 43 5
25 44 2
25 45 2
25 46 15
25 47 15
25 48 5
25 49 1
26 27 6
26 28 2
26 29 10
26 30 3
26 31 13
26 32 14
26 33 0
26 34 10
26 35 10
26 36 15
26 37 9
26 38 15
26 39 11
26 40 2
26 41 13
26 42 3
26 43 0
26 44 12
26 45 9
26 46 12
26 47 2
26 48 2
26 49 13
27 28 5
27 29 3
27 30 14
27 31 14
27 32 13
27 33 11
27 34 12
27 35 8
27 36 1
27 37 9
27 38 10
27 39 15
27 40 7
27 41 6
27 42 10
27 43 8
27 44 4
27 45 7
27 46 6
27 47 6
27 48 13
27 49 15
28 29 6
28 30 14
28 31 3
28 32 4
28 33 6
28 34 12
28 35 5
28 36 15
28 37 3
28 38 3
28 39 12
28 40 9
28 41 8
28 42 13
28 43 7
28 44 12
28 45 0
28 46 15
28 47 9
28 48 15
28 49 7
29 30 9
29 31 2
29 32 3
29 33 5
29 34 14
29 35 4
29 36 14
29 37 14
29 38 7
29 39 9
29 40 0
29 41 1
29 42 4
29 43 14
29 44 15
29 45 0
29 46 0
29 47 4
29 48 4
29 49 14
30 31 6
30 32 6
30 33 6
30 34 15
30 35 5
30 36 15
30 37 11
30 38 4
30 39 2
30 40 15
30 41 8
30 42 5
30 43 2
30 44 12
30 45 12
30 46 5
30 47 1
30 48 3
30 49 0
31 32 13
31 33 5
31 34 12
31 35 5
31 36 10
31 37 7
31 38 2
31 39 10
31 40 3
31 41 3
31 42 8
31 43 1
31 44 9
31 45 7
31 46 7
31 47 14
31 48 13
31 49 7
32 33 4
32 34 5
32 35 10
32 36 11
32 37 10
32 38 9
32 39 11
32 40 7
32 41 8
32 42 13
32 43 5
32 44 15
32 45 13
32 46 8
32 47 12
32 48 15
32 49 2
33 34 14
33 35 3
33 36 8
33 37 0
33 38 9
33 39 3
33 40 8
33 41 9
33 42 6
33 43 14
33 44 10
33 45 2
33 46 8
33 47 13
33 48 5
33 49 8
34 35 12
34 36 1
34 37 11
34 38 7
34 39 3
34 40 14
34 41 4
34 42 8
34 43 12
34 44 4
34 45 2
34 46 3
34 47 7
34 48 15
34 49 2
35 36 12
35 37 8
35 38 8
35 39 3
35 40 9
35 41 0
35 42 2
35 43 8
35 44 6
35 45 4
35 46 8
35 47 10
35 48 13
35 49 3
36 37 9
36 38 7
36 39 0
36 40 3
36 41 12
36 42 15
36 43 1
36 44 5
36 45 12
36 46 13
36 47 3
36 48 2
36 49 13
37 38 7
37 39 10
37 40 7
37 41 8
37 42 5
37 43 6
37 44 1
37 45 11
37 46 5
37 47 7
37 48 10
37 49 7
38 39 4
38 40 2
38 41 9
38 42 3
38 43 15
38 44 1
38 45 1
38 46 9
38 47 14
38 48 6
38 49 15
39 40 8
39 41 9
39 42 8
39 43 5
39 44 3
39 45 4
39 46 0
39 47 12
39 48 13
39 49 9
40 41 1
40 42 8
40 43 8
40 44 12
40 45 8
40 46 14
40 47 5
40 48 10
40 49 2
41 42 15
41 43 1
41 44 13
41 45 14
41 46 3
41 47 7
41 48 12
41 49 4
42 43 7
42 44 9
42 45 3
42 46 8
42 47 7
42 48 12
42 49 11
43 44 1
43 45 5
43 46 4
43 47 10
43 48 0
43 49 12
44 45 0
44 46 4
44 47 3
44 48 15
44 49 9
45 46 9
45 47 0
45 48 2
45 49 8
46 47 7
46 48 6
46 49 13
47 48 15
47 49 9
48 49 15
1681 6480
1 2
1 42
1 43
2 42
2 3
2 43
2 44
3 43
3 4
3 44
3 45
4 44
4 5
4 45
4 46
5 45
5 6
5 46
5 47
6 46
6 7
6 47
6 48
7 47
7 8
7 48
7 49
8 48
8 9
8 49
8 50
9 49
9 10
9 50
9 51
10 50
10 11
10 51
10 52
11 51
11 12
11 52
11 53
12 52
12 13
12 53
12 54
13 53
13 14
13 54
13 55
14 54
14 15
14 55
14 56
15 55
15 16
15 56
15 57
16 56
16 17
16 57
16 58
17 57
17 18
17 58
17 59
18 58
18 19
18 59
18 60
19 59
19 20
19 60
19 61
20 60
20 21
20 61
20 62
21 61
21 22
21 62
21 63
22 62
22 23
22 63
22 64
23 63
23 24
23 64
23 65
24 64
24 25
24 65
24 66
25 65
25 26
25 66
25 67
26 66
26 27
26 67
26 68
27 67
27 28
27 68
27 69
28 68
28 29
28 69
28 70
29 69
29 30
29 70
29 71
30 70
30 31
30 71
30 72
31 71
31 32
31 72
31 73
32 72
32 33
32 73
32 74
33 73
33 34
33 74
33 75
34 74
34 35
34 75
34 76
35 75
35 36
35 76
35 77
36 76
36 37
36 77
36 78
37 77
37 38
37 78
37 79
38 78
38 39
38 79
38 80
39 79
39 40
39 80
39 81
40 80
40 41
40 81
40 82
41 81
42 43
42 83
42 84
43 83
43 44
43 84
43 85
44 84
44 45
44 85
44 86
45 85
45 46
45 86
45 87
46 86
46 47
46 87
46 88
47 87
47 48
47 88
47 89
48 88
48 49
48 89
48 90
49 89
49 50
49 90
49 91
50 90
50 51
50 91
50 92
51 91
51 52
51 92
51 93
52 92
52 53
52 93
52 94
53 93
53 54
53 94
53 95
54 94
54 55
54 95
54 96
55 95
55 56
55 96
55 97
56 96
56 57
56 97
56 98
57 97
57 58
57 98
57 99
58 98
58 59
58 99
58 100
59 99
59 60
59 100
59 101
60 100
60 61
60 101
60 102
61 101
61 62
61 102
61 103
62 102
62 63
62 103
62 104
63 103
63 64
63 104
63 105
64 104
64 65
64 105
64 106
65 105
65 66
65 106
65 107
66 106
66 67
66 107
66 108
67 107
67 68
67 108
67 109
68 108
68 69
68 109
68 110
69 109
69 70
69 110
69 111
70 110
70 71
70 111
70 112
71 111
71 72
71 112
71 113
72 112
72 73
72 113
72 114
73 113
73 74
73 114
73 115
74 114
74 75
74 115
74 116
75 115
75 76
75 116
75 117
76 116
76 77
76 117
76 118
77 117
77 78
77 118
77 119
78 118
78 79
78 119
78 120
79 119
79 80
79 120
79 121
80 120
80 81
80 121
80 122
81 121
81 82
81 122
81 123
82 122
83 84
83 124
83 125
84 124
84 85
84 125
84 126
85 125
85 86
85 126
85 127
86 126
86 87
86 127
86 128
87 127
87 88
87 128
87 129
88 128
88 89
88 129
88 130
89 129
89 90
89 130
89 131
90 130
90 91
90 131
90 132
91 131
91 92
91 132
91 133
92 132
92 93
92 133
92 134
93 133
93 94
93 134
93 135
94 134
94 95
94 135
94 136
95 135
95 96
95 136
95 137
96 136
96 97
96 137
96 138
97 137
97 98
97 138
97 139
98 138
98 99
98 139
98 140
99 139
99 100
99 140
99 141
100 140
100 101
100 141
100 142
101 141
101 102
101 142
101 143
102 142
102 103
102 143
102 144
103 143
103 104
103 144
103 145
104 144
104 105
104 145
104 146
105 145
105 106
105 146
105 147
106 146
106 107
106 147
106 148
107 147
107 108
107 148
107 149
108 148
108 109
108 149
108 150
109 149
109 110
109 150
109 151
110 150
110 111
110 151
110 152
111 151
111 112
111 152
111 153
112 152
112 113
112 153
112 154
113 153
113 114
113 154
113 155
114 154
114 115
114 155
114 156
115 155
115 116
115 156
115 157
116 156
116 117
116 157
116 158
117 157
117 118
117 158
117 159
118 158
118 119
118 159
118 160
119 159
119 120
119 160
119 161
120 160
120 121
120 161
120 162
121 161
121 122
121 162
121 163
122 162
122 123
122 163
122 164
123 163
124 125
124 165
124 166
125 165
125 126
125 166
125 167
126 166
126 127
126 167
126 168
127 167
127 128
127 168
127 169
128 168
128 129
128 169
128 170
129 169
129 130
129 170
129 171
130 170
130 131
130 171
130 172
131 171
131 132
131 172
131 173
132 172
132 133
132 173
132 174
133 173
133 134
133 174
133 175
134 174
134 135
134 175
134 176
135 175
135 136
135 176
135 177
136 176
136 137
136 177
136 178
137 177
137 138
137 178
137 179
138 178
138 139
138 179
138 180
139 179
139 140
139 180
139 181
140 180
140 141
140 181
140 182
141 181
141 142
141 182
141 183
142 182
142 143
142 183
142 184
143 183
143 144
143 184
143 185
144 184
144 145
144 185
144 186
145 185
145 146
145 186
145 187
146 186
146 147
146 187
146 188
147 187
147 148
147 188
147 189
148 188
148 149
148 189
148 190
149 189
149 150
149 190
149 191
150 190
150 151
150 191
150 192
151 191
151 152
151 192
151 193
152 192
152 153
152 193
152 194
153 193
153 154
153 194
153 195
154 194
154 155
154 195
154 196
155 195
155 156
155 196
155 197
156 196
156 157
156 197
156 198
157 197
157 158
157 198
157 199
158 198
158 159
158 199
158 200
159 199
159 160
159 200
159 201
160 200
160 161
160 201
160 202
161 201
161 162
161 202
161 203
162 202
162 163
162 203
162 204
163 203
163 164
163 204
163 205
164 204
165 166
165 206
165 207
166 206
166 167
166 207
166 208
167 207
167 168
167 208
167 209
168 208
168 169
168 209
168 210
169 209
169 170
169 210
169 211
170 210
170 171
170 211
170 212
171 211
171 172
171 212
171 213
172 212
172 173
172 213
172 214
173 213
173 174
173 214
173 215
174 214
174 175
174 215
174 216
175 215
175 176
175 216
175 217
176 216
176 177
176 217
176 218
177 217
177 178
177 218
177 219
178 218
178 179
178 219
178 220
179 219
179 180
179 220
179 221
180 220
180 181
180 221
180 222
181 221
181 182
181 222
181 223
182 222
182 183
182 223
182 224
183 223
183 184
183 224
183 225
184 224
184 185
184 225
184 226
185 225
185 186
185 226
185 227
186 226
186 187
186 227
186 228
187 227
187 188
187 228
187 229
188 228
188 189
188 229
188 230
189 229
189 190
189 230
189 231
190 230
190 191
190 231
190 232
191 231
191 192
191 232
191 233
192 232
192 193
192 233
192 234
193 233
193 194
193 234
193 235
194 234
194 195
194 235
194 236
195 235
195 196
195 236
195 237
196 236
196 197
196 237
196 238
197 237
197 198
197 238
197 239
198 238
198 199
198 239
198 240
199 239
199 200
199 240
199 241
200 240
200 201
200 241
200 242
201 241
201 202
201 242
201 243
202 242
202 203
202 243
202 244
203 243
203 204
203 244
203 245
204 244
204 205
204 245
204 246
205 245
206 207
206 247
206 248
207 247
207 208
207 248
207 249
208 248
208 209
208 249
208 250
209 249
209 210
209 250
209 251
210 250
210 211
210 251
210 252
211 251
211 212
211 252
211 253
212 252
212 213
212 253
212 254
213 253
213 214
213 254
213 255
214 254
214 215
214 255
214 256
215 255
215 216
215 256
215 257
216 256
216 217
216 257
216 258
217 257
217 218
217 258
217 259
218 258
218 219
218 259
218 260
219 259
219 220
219 260
219 261
220 260
220 221
220 261
220 262
221 261
221 222
221 262
221 263
222 262
222 223
222 263
222 264
223 263
223 224
223 264
223 265
224 264
224 225
224 265
224 266
225 265
225 226
225 266
225 267
226 266
226 227
226 267
226 268
227 267
227 228
227 268
227 269
228 268
228 229
228 269
228 270
229 269
229 230
229 270
229 271
230 270
230 231
230 271
230 272
231 271
231 232
231 272
231 273
232 272
232 233
232 273
232 274
233 273
233 234
233 274
233 275
234 274
234 235
234 275
234 276
235 275
235 236
235 276
235 277
236 276
236 237
236 277
236 278
237 277
237 238
237 278
237 279
238 278
238 239
238 279
238 280
239 279
239 240
239 280
239 281
240 280
240 241
240 281
240 282
241 281
241 242
241 282
241 283
242 282
242 243
242 283
242 284
243 283
243 244
243 284
243 285
244 284
244 245
244 285
244 286
245 285
245 246
245 286
245 287
246 286
247 248
247 288
247 289
248 288
248 249
248 289
248 290
249 289
249 250
249 290
249 291
250 290
250 251
250 291
250 292
251 291
251 252
251 292
251 293
252 292
252 253
252 293
252 294
253 293
253 254
253 294
253 295
254 294
254 255
254 295
254 296
255 295
255 256
255 296
255 297
256 296
256 257
256 297
256 298
257 297
257 258
257 298
257 299
258 298
258 259
258 299
258 300
259 299
259 260
259 300
259 301
260 300
260 261
260 301
260 302
261 301
261 262
261 302
261 303
262 302
262 263
262 303
262 304
263 303
263 264
263 304
263 305
264 304
264 265
264 305
264 306
265 305
265 266
265 306
265 307
266 306
266 267
266 307
266 308
267 307
267 268
267 308
267 309
268 308
268 269
268 309
268 310
269 309
269 270
269 310
269 311
270 310
270 271
270 311
270 312
271 311
271 272
271 312
271 313
272 312
272 273
272 313
272 314
273 313
273 274
273 314
273 315
274 314
274 275
274 315
274 316
275 315
275 276
275 316
275 317
276 316
276 277
276 317
276 318
277 317
277 278
277 318
277 319
278 318
278 279
278 319
278 320
279 319
279 280
279 320
279 321
280 320
280 281
280 321
280 322
281 321
281 282
281 322
281 323
282 322
282 283
282 323
282 324
283 323
283 284
283 324
283 325
284 324
284 285
284 325
284 326
285 325
285 286
285 326
285 327
286 326
286 287
286 327
286 328
287 327
288 289
288 329
288 330
289 329
289 290
289 330
289 331
290 330
290 291
290 331
290 332
291 331
291 292
291 332
291 333
292 332
292 293
292 333
292 334
293 333
293 294
293 334
293 335
294 334
294 295
294 335
294 336
295 335
295 296
295 336
295 337
296 336
296 297
296 337
296 338
297 337
297 298
297 338
297 339
298 338
298 299
298 339
298 340
299 339
299 300
299 340
299 341
300 340
300 301
300 341
300 342
301 341
301 302
301 342
301 343
302 342
302 303
302 343
302 344
303 343
303 304
303 344
303 345
304 344
304 305
304 345
304 346
305 345
305 306
305 346
305 347
306 346
306 307
306 347
306 348
307 347
307 308
307 348
307 349
308 348
308 309
308 349
308 350
309 349
309 310
309 350
309 351
310 350
310 311
310 351
310 352
311 351
311 312
311 352
311 353
312 352
312 313
312 353
312 354
313 353
313 314
313 354
313 355
314 354
314 315
314 355
314 356
315 355
315 316
315 356
315 357
316 356
316 317
316 357
316 358
317 357
317 318
317 358
317 359
318 358
318 319
318 359
318 360
319 359
319 320
319 360
319 361
320 360
320 321
320 361
320 362
321 361
321 322
321 362
321 363
322 362
322 323
322 363
322 364
323 363
323 324
323 364
323 365
324 364
324 325
324 365
324 366
325 365
325 326
325 366
325 367
326 366
326 327
326 367
326 368
327 367
327 328
327 368
327 369
328 368
329 330
329 370
329 371
330 370
330 331
330 371
330 372
331 371
331 332
331 372
331 373
332 372
332 333
332 373
332 374
333 373
333 334
333 374
333 375
334 374
334 335
334 375
334 376
335 375
335 336
335 376
335 377
336 376
336 337
336 377
336 378
337 377
337 338
337 378
337 379
338 378
338 339
338 379
338 380
339 379
339 340
339 380
339 381
340 380
340 341
340 381
340 382
341 381
341 342
341 382
341 383
342 382
342 343
342 383
342 384
343 383
343 344
343 384
343 385
344 384
344 345
344 385
344 386
345 385
345 346
345 386
345 387
346 386
346 347
346 387
346 388
347 387
347 348
347 388
347 389
348 388
348 349
348 389
348 390
349 389
349 350
349 390
349 391
350 390
350 351
350 391
350 392
351 391
351 352
351 392
351 393
352 392
352 353
352 393
352 394
353 393
353 354
353 394
353 395
354 394
354 355
354 395
354 396
355 395
355 356
355 396
355 397
356 396
356 357
356 397
356 398
357 397
357 358
357 398
357 399
358 398
358 359
358 399
358 400
359 399
359 360
359 400
359 401
360 400
360 361
360 401
360 402
361 401
361 362
361 402
361 403
362 402
362 363
362 403
362 404
363 403
363 364
363 404
363 405
364 404
364 365
364 405
364 406
365 405
365 366
365 406
365 407
366 406
366 367
366 407
366 408
367 407
367 368
367 408
367 409
368 408
368 369
368 409
368 410
369 409
370 371
370 411
370 412
371 411
371 372
371 412
371 413
372 412
372 373
372 413
372 414
373 413
373 374
373 414
373 415
374 414
374 375
374 415
374 416
375 415
375 376
375 416
375 417
376 416
376 377
376 417
376 418
377 417
377 378
377 418
377 419
378 418
378 379
378 419
378 420
379 419
379 380
379 420
379 421
380 420
380 381
380 421
380 422
381 421
381 382
381 422
381 423
382 422
382 383
382 423
382 424
383 423
383 384
383 424
383 425
384 424
384 385
384 425
384 426
385 425
385 386
385 426
385 427
386 426
386 387
386 427
386 428
387 427
387 388
387 428
387 429
388 428
388 389
388 429
388 430
389 429
389 390
389 430
389 431
390 430
390 391
390 431
390 432
391 431
391 392
391 432
391 433
392 432
392 393
392 433
392 434
393 433
393 394
393 434
393 435
394 434
394 395
394 435
394 436
395 435
395 396
395 436
395 437
396 436
396 397
396 437
396 438
397 437
397 398
397 438
397 439
398 438
398 399
398 439
398 440
399 439
399 400
399 440
399 441
400 440
400 401
400 441
400 442
401 441
401 402
401 442
401 443
402 442
402 403
402 443
402 444
403 443
403 404
403 444
403 445
404 444
404 405
404 445
404 446
405 445
405 406
405 446
405 447
406 446
406 407
406 447
406 448
407 447
407 408
407 448
407 449
408 448
408 409
408 449
408 450
409 449
409 410
409 450
409 451
410 450
411 412
411 452
411 453
412 452
412 413
412 453
412 454
413 453
413 414
413 454
413 455
414 454
414 415
414 455
414 456
415 455
415 416
415 456
415 457
416 456
416 417
416 457
416 458
417 457
417 418
417 458
417 459
418 458
418 419
418 459
418 460
419 459
419 420
419 460
419 461
420 460
420 421
420 461
420 462
421 461
421 422
421 462
421 463
422 462
422 423
422 463
422 464
423 463
423 424
423 464
423 465
424 464
424 425
424 465
424 466
425 465
425 426
425 466
425 467
426 466
426 427
426 467
426 468
427 467
427 428
427 468
427 469
428 468
428 429
428 469
428 470
429 469
429 430
429 470
429 471
430 470
430 431
430 471
430 472
431 471
431 432
431 472
431 473
432 472
432 433
432 473
432 474
433 473
433 434
433 474
433 475
434 474
434 435
434 475
434 476
435 475
435 436
435 476
435 477
436 476
436 437
436 477
436 478
437 477
437 438
437 478
437 479
438 478
438 439
438 479
438 480
439 479
439 440
439 480
439 481
440 480
440 441
440 481
440 482
441 481
441 442
441 482
441 483
442 482
442 443
442 483
442 484
443 483
443 444
443 484
443 485
444 484
444 445
444 485
444 486
445 485
445 446
445 486
445 487
446 486
446 447
446 487
446 488
447 487
447 448
447 488
447 489
448 488
448 449
448 489
448 490
449 489
449 450
449 490
449 491
450 490
450 451
450 491
450 492
451 491
452 453
452 493
452 494
453 493
453 454
453 494
453 495
454 494
454 455
454 495
454 496
455 495
455 456
455 496
455 497
456 496
456 457
456 497
456 498
457 497
457 458
457 498
457 499
458 498
458 459
458 499
458 500
459 499
459 460
459 500
459 501
460 500
460 461
460 501
460 502
461 501
461 462
461 502
461 503
462 502
462 463
462 503
462 504
463 503
463 464
463 504
463 505
464 504
464 465
464 505
464 506
465 505
465 466
465 506
465 507
466 506
466 467
466 507
466 508
467 507
467 468
467 508
467 509
468 508
468 469
468 509
468 510
469 509
469 470
469 510
469 511
470 510
470 471
470 511
470 512
471 511
471 472
471 512
471 513
472 512
472 473
472 513
472 514
473 513
473 474
473 514
473 515
474 514
474 475
474 515
474 516
475 515
475 476
475 516
475 517
476 516
476 477
476 517
476 518
477 517
477 478
477 518
477 519
478 518
478 479
478 519
478 520
479 519
479 480
479 520
479 521
480 520
480 481
480 521
480 522
481 521
481 482
481 522
481 523
482 522
482 483
482 523
482 524
483 523
483 484
483 524
483 525
484 524
484 485
484 525
484 526
485 525
485 486
485 526
485 527
486 526
486 487
486 527
486 528
487 527
487 488
487 528
487 529
488 528
488 489
488 529
488 530
489 529
489 490
489 530
489 531
490 530
490 491
490 531
490 532
491 531
491 492
491 532
491 533
492 532
493 494
493 534
493 535
494 534
494 495
494 535
494 536
495 535
495 496
495 536
495 537
496 536
496 497
496 537
496 538
497 537
497 498
497 538
497 539
498 538
498 499
498 539
498 540
499 539
499 500
499 540
499 541
500 540
500 501
500 541
500 542
501 541
501 502
501 542
501 543
502 542
502 503
502 543
502 544
503 543
503 504
503 544
503 545
504 544
504 505
504 545
504 546
505 545
505 506
505 546
505 547
506 546
506 507
506 547
506 548
507 547
507 508
507 548
507 549
508 548
508 509
508 549
508 550
509 549
509 510
509 550
509 551
510 550
510 511
510 551
510 552
511 551
511 512
511 552
511 553
512 552
512 513
512 553
512 554
513 553
513 514
513 554
513 555
514 554
514 515
514 555
514 556
515 555
515 516
515 556
515 557
516 556
516 517
516 557
516 558
517 557
517 518
517 558
517 559
518 558
518 519
518 559
518 560
519 559
519 520
519 560
519 561
520 560
520 521
520 561
520 562
521 561
521 522
521 562
521 563
522 562
522 523
522 563
522 564
523 563
523 524
523 564
523 565
524 564
524 525
524 565
524 566
525 565
525 526
525 566
525 567
526 566
526 527
526 567
526 568
527 567
527 528
527 568
527 569
528 568
528 529
528 569
528 570
529 569
529 530
529 570
529 571
530 570
530 531
530 571
530 572
531 571
531 532
531 572
531 573
532 572
532 533
532 573
532 574
533 573
534 535
534 575
534 576
535 575
535 536
535 576
535 577
536 576
536 537
536 577
536 578
537 577
537 538
537 578
537 579
538 578
538 539
538 579
538 580
539 579
539 540
539 580
539 581
540 580
540 541
540 581
540 582
541 581
541 542
541 582
541 583
542 582
542 543
542 583
542 584
543 583
543 544
543 584
543 585
544 584
544 545
544 585
544 586
545 585
545 546
545 586
545 587
546 586
546 547
546 587
546 588
547 587
547 548
547 588
547 589
548 588
548 549
548 589
548 590
549 589
549 550
549 590
549 591
550 590
550 551
550 591
550 592
551 591
551 552
551 592
551 593
552 592
552 553
552 593
552 594
553 593
553 554
553 594
553 595
554 594
554 555
554 595
554 596
555 595
555 556
555 596
555 597
556 596
556 557
556 597
556 598
557 597
557 558
557 598
557 599
558 598
558 559
558 599
558 600
559 599
559 560
559 600
559 601
560 600
560 561
560 601
560 602
561 601
561 562
561 602
561 603
562 602
562 563
562 603
562 604
563 603
563 564
563 604
563 605
564 604
564 565
564 605
564 606
565 605
565 566
565 606
565 607
566 606
566 567
566 607
566 608
567 607
567 568
567 608
567 609
568 608
568 569
568 609
568 610
569 609
569 570
569 610
569 611
570 610
570 571
570 611
570 612
571 611
571 572
571 612
571 613
572 612
572 573
572 613
572 614
573 613
573 574
573 614
573 615
574 614
575 576
575 616
575 617
576 616
576 577
576 617
576 618
577 617
577 578
577 618
577 619
578 618
578 579
578 619
578 620
579 619
579 580
579 620
579 621
580 620
580 581
580 621
580 622
581 621
581 582
581 622
581 623
582 622
582 583
582 623
582 624
583 623
583 584
583 624
583 625
584 624
584 585
584 625
584 626
585 625
585 586
585 626
585 627
586 626
586 587
586 627
586 628
587 627
587 588
587 628
587 629
588 628
588 589
588 629
588 630
589 629
589 590
589 630
589 631
590 630
590 591
590 631
590 632
591 631
591 592
591 632
591 633
592 632
592 593
592 633
592 634
593 633
593 594
593 634
593 635
594 634
594 595
594 635
594 636
595 635
595 596
595 636
595 637
596 636
596 597
596 637
596 638
597 637
597 598
597 638
597 639
598 638
598 599
598 639
598 640
599 639
599 600
599 640
599 641
600 640
600 601
600 641
600 642
601 641
601 602
601 642
601 643
602 642
602 603
602 643
602 644
603 643
603 604
603 644
603 645
604 644
604 605
604 645
604 646
605 645
605 606
605 646
605 647
606 646
606 607
606 647
606 648
607 647
607 608
607 648
607 649
608 648
608 609
608 649
608 650
609 649
609 610
609 650
609 651
610 650
610 611
610 651
610 652
611 651
611 612
611 652
611 653
612 652
612 613
612 653
612 654
613 653
613 614
613 654
613 655
614 654
614 615
614 655
614 656
615 655
616 617
616 657
616 658
617 657
617 618
617 658
617 659
618 658
618 619
618 659
618 660
619 659
619 620
619 660
619 661
620 660
620 621
620 661
620 662
621 661
621 622
621 662
621 663
622 662
622 623
622 663
622 664
623 663
623 624
623 664
623 665
624 664
624 625
624 665
624 666
625 665
625 626
625 666
625 667
626 666
626 627
626 667
626 668
627 667
627 628
627 668
627 669
628 668
628 629
628 669
628 670
629 669
629 630
629 670
629 671
630 670
630 631
630 671
630 672
631 671
631 632
631 672
631 673
632 672
632 633
632 673
632 674
633 673
633 634
633 674
633 675
634 674
634 635
634 675
634 676
635 675
635 636
635 676
635 677
636 676
636 637
636 677
636 678
637 677
637 638
637 678
637 679
638 678
638 639
638 679
638 680
639 679
639 640
639 680
639 681
640 680
640 641
640 681
640 682
641 681
641 642
641 682
641 683
642 682
642 643
642 683
642 684
643 683
643 644
643 684
643 685
644 684
644 645
644 685
644 686
645 685
645 646
645 686
645 687
646 686
646 647
646 687
646 688
647 687
647 648
647 688
647 689
648 688
648 649
648 689
648 690
649 689
649 650
649 690
649 691
650 690
650 651
650 691
650 692
651 691
651 652
651 692
651 693
652 692
652 653
652 693
652 694
653 693
653 654
653 694
653 695
654 694
654 655
654 695
654 696
655 695
655 656
655 696
655 697
656 696
657 658
657 698
657 699
658 698
658 659
658 699
658 700
659 699
659 660
659 700
659 701
660 700
660 661
660 701
660 702
661 701
661 662
661 702
661 703
662 702
662 663
662 703
662 704
663 703
663 664
663 704
663 705
664 704
664 665
664 705
664 706
665 705
665 666
665 706
665 707
666 706
666 667
666 707
666 708
667 707
667 668
667 708
667 709
668 708
668 669
668 709
668 710
669 709
669 670
669 710
669 711
670 710
670 671
670 711
670 712
671 711
671 672
671 712
671 713
672 712
672 673
672 713
672 714
673 713
673 674
673 714
673 715
674 714
674 675
674 715
674 716
675 715
675 676
675 716
675 717
676 716
676 677
676 717
676 718
677 717
677 678
677 718
677 719
678 718
678 679
678 719
678 720
679 719
679 680
679 720
679 721
680 720
680 681
680 721
680 722
681 721
681 682
681 722
681 723
682 722
682 683
682 723
682 724
683 723
683 684
683 724
683 725
684 724
684 685
684 725
684 726
685 725
685 686
685 726
685 727
686 726
686 687
686 727
686 728
687 727
687 688
687 728
687 729
688 728
688 689
688 729
688 730
689 729
689 690
689 730
689 731
690 730
690 691
690 731
690 732
691 731
691 692
691 732
691 733
692 732
692 693
692 733
692 734
693 733
693 694
693 734
693 735
694 734
694 695
694 735
694 736
695 735
695 696
695 736
695 737
696 736
696 697
696 737
696 738
697 737
698 699
698 739
698 740
699 739
699 700
699 740
699 741
700 740
700 701
700 741
700 742
701 741
701 702
701 742
701 743
702 742
702 703
702 743
702 744
703 743
703 704
703 744
703 745
704 744
704 705
704 745
704 746
705 745
705 706
705 746
705 747
706 746
706 707
706 747
706 748
707 747
707 708
707 748
707 749
708 748
708 709
708 749
708 750
709 749
709 710
709 750
709 751
710 750
710 711
710 751
710 752
711 751
711 712
711 752
711 753
712 752
712 713
712 753
712 754
713 753
713 714
713 754
713 755
714 754
714 715
714 755
714 756
715 755
715 716
715 756
715 757
716 756
716 717
716 757
716 758
717 757
717 718
717 758
717 759
718 758
718 719
718 759
718 760
719 759
719 720
719 760
719 761
720 760
720 721
720 761
720 762
721 761
721 722
721 762
721 763
722 762
722 723
722 763
722 764
723 763
723 724
723 764
723 765
724 764
724 725
724 765
724 766
725 765
725 726
725 766
725 767
726 766
726 727
726 767
726 768
727 767
727 728
727 768
727 769
728 768
728 729
728 769
728 770
729 769
729 730
729 770
729 771
730 770
730 731
730 771
730 772
731 771
731 732
731 772
731 773
732 772
732 733
732 773
732 774
733 773
733 734
733 774
733 775
734 774
734 735
734 775
734 776
735 775
735 736
735 776
735 777
736 776
736 737
736 777
736 778
737 777
737 738
737 778
737 779
738 778
739 740
739 780
739 781
740 780
740 741
740 781
740 782
741 781
741 742
741 782
741 783
742 782
742 743
742 783
742 784
743 783
743 744
743 784
743 785
744 784
744 745
744 785
744 786
745 785
745 746
745 786
745 787
746 786
746 747
746 787
746 788
747 787
747 748
747 788
747 789
748 788
748 749
748 789
748 790
749 789
749 750
749 790
749 791
750 790
750 751
750 791
750 792
751 791
751 752
751 792
751 793
752 792
752 753
752 793
752 794
753 793
753 754
753 794
753 795
754 794
754 755
754 795
754 796
755 795
755 756
755 796
755 797
756 796
756 757
756 797
756 798
757 797
757 758
757 798
757 799
758 798
758 759
758 799
758 800
759 799
759 760
759 800
759 801
760 800
760 761
760 801
760 802
761 801
761 762
761 802
761 803
762 802
762 763
762 803
762 804
763 803
763 764
763 804
763 805
764 804
764 765
764 805
764 806
765 805
765 766
765 806
765 807
766 806
766 767
766 807
766 808
767 807
767 768
767 808
767 809
768 808
768 769
768 809
768 810
769 809
769 770
769 810
769 811
770 810
770 771
770 811
770 812
771 811
771 772
771 812
771 813
772 812
772 773
772 813
772 814
773 813
773 774
773 814
773 815
774 814
774 775
774 815
774 816
775 815
775 776
775 816
775 817
776 816
776 777
776 817
776 818
777 817
777 778
777 818
777 819
778 818
778 779
778 819
778 820
779 819
780 781
780 821
780 822
781 821
781 782
781 822
781 823
782 822
782 783
782 823
782 824
783 823
783 784
783 824
783 825
784 824
784 785
784 825
784 826
785 825
785 786
785 826
785 827
786 826
786 787
786 827
786 828
787 827
787 788
787 828
787 829
788 828
788 789
788 829
788 830
789 829
789 790
789 830
789 831
790 830
790 791
790 831
790 832
791 831
791 792
791 832
791 833
792 832
792 793
792 833
792 834
793 833
793 794
793 834
793 835
794 834
794 795
794 835
794 836
795 835
795 796
795 836
795 837
796 836
796 797
796 837
796 838
797 837
797 798
797 838
797 839
798 838
798 799
798 839
798 840
799 839
799 800
799 840
799 841
800 840
800 801
800 841
800 842
801 841
801 802
801 842
801 843
802 842
802 803
802 843
802 844
803 843
803 804
803 844
803 845
804 844
804 805
804 845
804 846
805 845
805 806
805 846
805 847
806 846
806 807
806 847
806 848
807 847
807 808
807 848
807 849
808 848
808 809
808 849
808 850
809 849
809 810
809 850
809 851
810 850
810 811
810 851
810 852
811 851
811 812
811 852
811 853
812 852
812 813
812 853
812 854
813 853
813 814
813 854
813 855
814 854
814 815
814 855
814 856
815 855
815 816
815 856
815 857
816 856
816 817
816 857
816 858
817 857
817 818
817 858
817 859
818 858
818 819
818 859
818 860
819 859
819 820
819 860
819 861
820 860
821 822
821 862
821 863
822 862
822 823
822 863
822 864
823 863
823 824
823 864
823 865
824 864
824 825
824 865
824 866
825 865
825 826
825 866
825 867
826 866
826 827
826 867
826 868
827 867
827 828
827 868
827 869
828 868
828 829
828 869
828 870
829 869
829 830
829 870
829 871
830 870
830 831
830 871
830 872
831 871
831 832
831 872
831 873
832 872
832 833
832 873
832 874
833 873
833 834
833 874
833 875
834 874
834 835
834 875
834 876
835 875
835 836
835 876
835 877
836 876
836 837
836 877
836 878
837 877
837 838
837 878
837 879
838 878
838 839
838 879
838 880
839 879
839 840
839 880
839 881
840 880
840 841
840 881
840 882
841 881
841 842
841 882
841 883
842 882
842 843
842 883
842 884
843 883
843 844
843 884
843 885
844 884
844 845
844 885
844 886
845 885
845 846
845 886
845 887
846 886
846 847
846 887
846 888
847 887
847 848
847 888
847 889
848 888
848 849
848 889
848 890
849 889
849 850
849 890
849 891
850 890
850 851
850 891
850 892
851 891
851 852
851 892
851 893
852 892
852 853
852 893
852 894
853 893
853 854
853 894
853 895
854 894
854 855
854 895
854 896
855 895
855 856
855 896
855 897
856 896
856 857
856 897
856 898
857 897
857 858
857 898
857 899
858 898
858 859
858 899
858 900
859 899
859 860
859 900
859 901
860 900
860 861
860 901
860 902
861 901
862 863
862 903
862 904
863 903
863 864
863 904
863 905
864 904
864 865
864 905
864 906
865 905
865 866
865 906
865 907
866 906
866 867
866 907
866 908
867 907
867 868
867 908
867 909
868 908
868 869
868 909
868 910
869 909
869 870
869 910
869 911
870 910
870 871
870 911
870 912
871 911
871 872
871 912
871 913
872 912
872 873
872 913
872 914
873 913
873 874
873 914
873 915
874 914
874 875
874 915
874 916
875 915
875 876
875 916
875 917
876 916
876 877
876 917
876 918
877 917
877 878
877 918
877 919
878 918
878 879
878 919
878 920
879 919
879 880
879 920
879 921
880 920
880 881
880 921
880 922
881 921
881 882
881 922
881 923
882 922
882 883
882 923
882 924
883 923
883 884
883 924
883 925
884 924
884 885
884 925
884 926
885 925
885 886
885 926
885 927
886 926
886 887
886 927
886 928
887 927
887 888
887 928
887 929
888 928
888 889
888 929
888 930
889 929
889 890
889 930
889 931
890 930
890 891
890 931
890 932
891 931
891 892
891 932
891 933
892 932
892 893
892 933
892 934
893 933
893 894
893 934
893 935
894 934
894 895
894 935
894 936
895 935
895 896
895 936
895 937
896 936
896 897
896 937
896 938
897 937
897 898
897 938
897 939
898 938
898 899
898 939
898 940
899 939
899 900
899 940
899 941
900 940
900 901
900 941
900 942
901 941
901 902
901 942
901 943
902 942
903 904
903 944
903 945
904 944
904 905
904 945
904 946
905 945
905 906
905 946
905 947
906 946
906 907
906 947
906 948
907 947
907 908
907 948
907 949
908 948
908 909
908 949
908 950
909 949
909 910
909 950
909 951
910 950
910 911
910 951
910 952
911 951
911 912
911 952
911 953
912 952
912 913
912 953
912 954
913 953
913 914
913 954
913 955
914 954
914 915
914 955
914 956
915 955
915 916
915 956
915 957
916 956
916 917
916 957
916 958
917 957
917 918
917 958
917 959
918 958
918 919
918 959
918 960
919 959
919 920
919 960
919 961
920 960
920 921
920 961
920 962
921 961
921 922
921 962
921 963
922 962
922 923
922 963
922 964
923 963
923 924
923 964
923 965
924 964
924 925
924 965
924 966
925 965
925 926
925 966
925 967
926 966
926 927
926 967
926 968
927 967
927 928
927 968
927 969
928 968
928 929
928 969
928 970
929 969
929 930
929 970
929 971
930 970
930 931
930 971
930 972
931 971
931 932
931 972
931 973
932 972
932 933
932 973
932 974
933 973
933 934
933 974
933 975
934 974
934 935
934 975
934 976
935 975
935 936
935 976
935 977
936 976
936 937
936 977
936 978
937 977
937 938
937 978
937 979
938 978
938 939
938 979
938 980
939 979
939 940
939 980
939 981
940 980
940 941
940 981
940 982
941 981
941 942
941 982
941 983
942 982
942 943
942 983
942 984
943 983
944 945
944 985
944 986
945 985
945 946
945 986
945 987
946 986
946 947
946 987
946 988
947 987
947 948
947 988
947 989
948 988
948 949
948 989
948 990
949 989
949 950
949 990
949 991
950 990
950 951
950 991
950 992
951 991
951 952
951 992
951 993
952 992
952 953
952 993
952 994
953 993
953 954
953 994
953 995
954 994
954 955
954 995
954 996
955 995
955 956
955 996
955 997
956 996
956 957
956 997
956 998
957 997
957 958
957 998
957 999
958 998
958 959
958 999
958 1000
959 999
959 960
959 1000
959 1001
960 1000
960 961
960 1001
960 1002
961 1001
961 962
961 1002
961 1003
962 1002
962 963
962 1003
962 1004
963 1003
963 964
963 1004
963 1005
964 1004
964 965
964 1005
964 1006
965 1005
965 966
965 1006
965 1007
966 1006
966 967
966 1007
966 1008
967 1007
967 968
967 1008
967 1009
968 1008
968 969
968 1009
968 1010
969 1009
969 970
969 1010
969 1011
970 1010
970 971
970 1011
970 1012
971 1011
971 972
971 1012
971 1013
972 1012
972 973
972 1013
972 1014
973 1013
973 974
973 1014
973 1015
974 1014
974 975
974 1015
974 1016
975 1015
975 976
975 1016
975 1017
976 1016
976 977
976 1017
976 1018
977 1017
977 978
977 1018
977 1019
978 1018
978 979
978 1019
978 1020
979 1019
979 980
979 1020
979 1021
980 1020
980 981
980 1021
980 1022
981 1021
981 982
981 1022
981 1023
982 1022
982 983
982 1023
982 1024
983 1023
983 984
983 1024
983 1025
984 1024
985 986
985 1026
985 1027
986 1026
986 987
986 1027
986 1028
987 1027
987 988
987 1028
987 1029
988 1028
988 989
988 1029
988 1030
989 1029
989 990
989 1030
989 1031
990 1030
990 991
990 1031
990 1032
991 1031
991 992
991 1032
991 1033
992 1032
992 993
992 1033
992 1034
993 1033
993 994
993 1034
993 1035
994 1034
994 995
994 1035
994 1036
995 1035
995 996
995 1036
995 1037
996 1036
996 997
996 1037
996 1038
997 1037
997 998
997 1038
997 1039
998 1038
998 999
998 1039
998 1040
999 1039
999 1000
999 1040
999 1041
1000 1040
1000 1001
1000 1041
1000 1042
1001 1041
1001 1002
1001 1042
1001 1043
1002 1042
1002 1003
1002 1043
1002 1044
1003 1043
1003 1004
1003 1044
1003 1045
1004 1044
1004 1005
1004 1045
1004 1046
1005 1045
1005 1006
1005 1046
1005 1047
1006 1046
1006 1007
1006 1047
1006 1048
1007 1047
1007 1008
1007 1048
1007 1049
1008 1048
1008 1009
1008 1049
1008 1050
1009 1049
1009 1010
1009 1050
1009 1051
1010 1050
1010 1011
1010 1051
1010 1052
1011 1051
1011 1012
1011 1052
1011 1053
1012 1052
1012 1013
1012 1053
1012 1054
1013 1053
1013 1014
1013 1054
1013 1055
1014 1054
1014 1015
1014 1055
1014 1056
1015 1055
1015 1016
1015 1056
1015 1057
1016 1056
1016 1017
1016 1057
1016 1058
1017 1057
1017 1018
1017 1058
1017 1059
1018 1058
1018 1019
1018 1059
1018 1060
1019 1059
1019 1020
1019 1060
1019 1061
1020 1060
1020 1021
1020 1061
1020 1062
1021 1061
1021 1022
1021 1062
1021 1063
1022 1062
1022 1023
1022 1063
1022 1064
1023 1063
1023 1024
1023 1064
1023 1065
1024 1064
1024 1025
1024 1065
1024 1066
1025 1065
1026 1027
1026 1067
1026 1068
1027 1067
1027 1028
1027 1068
1027 1069
1028 1068
1028 1029
1028 1069
1028 1070
1029 1069
1029 1030
1029 1070
1029 1071
1030 1070
1030 1031
1030 1071
1030 1072
1031 1071
1031 1032
1031 1072
1031 1073
1032 1072
1032 1033
1032 1073
1032 1074
1033 1073
1033 1034
1033 1074
1033 1075
1034 1074
1034 1035
1034 1075
1034 1076
1035 1075
1035 1036
1035 1076
1035 1077
1036 1076
1036 1037
1036 1077
1036 1078
1037 1077
1037 1038
1037 1078
1037 1079
1038 1078
1038 1039
1038 1079
1038 1080
1039 1079
1039 1040
1039 1080
1039 1081
1040 1080
1040 1041
1040 1081
1040 1082
1041 1081
1041 1042
1041 1082
1041 1083
1042 1082
1042 1043
1042 1083
1042 1084
1043 1083
1043 1044
1043 1084
1043 1085
1044 1084
1044 1045
1044 1085
1044 1086
1045 1085
1045 1046
1045 1086
1045 1087
1046 1086
1046 1047
1046 1087
1046 1088
1047 1087
1047 1048
1047 1088
1047 1089
1048 1088
1048 1049
1048 1089
1048 1090
1049 1089
1049 1050
1049 1090
1049 1091
1050 1090
1050 1051
1050 1091
1050 1092
1051 1091
1051 1052
1051 1092
1051 1093
1052 1092
1052 1053
1052 1093
1052 1094
1053 1093
1053 1054
1053 1094
1053 1095
1054 1094
1054 1055
1054 1095
1054 1096
1055 1095
1055 1056
1055 1096
1055 1097
1056 1096
1056 1057
1056 1097
1056 1098
1057 1097
1057 1058
1057 1098
1057 1099
1058 1098
1058 1059
1058 1099
1058 1100
1059 1099
1059 1060
1059 1100
1059 1101
1060 1100
1060 1061
1060 1101
1060 1102
1061 1101
1061 1062
1061 1102
1061 1103
1062 1102
1062 1063
1062 1103
1062 1104
1063 1103
1063 1064
1063 1104
1063 1105
1064 1104
1064 1065
1064 1105
1064 1106
1065 1105
1065 1066
1065 1106
1065 1107
1066 1106
1067 1068
1067 1108
1067 1109
1068 1108
1068 1069
1068 1109
1068 1110
1069 1109
1069 1070
1069 1110
1069 1111
1070 1110
1070 1071
1070 1111
1070 1112
1071 1111
1071 1072
1071 1112
1071 1113
1072 1112
1072 1073
1072 1113
1072 1114
1073 1113
1073 1074
1073 1114
1073 1115
1074 1114
1074 1075
1074 1115
1074 1116
1075 1115
1075 1076
1075 1116
1075 1117
1076 1116
1076 1077
1076 1117
1076 1118
1077 1117
1077 1078
1077 1118
1077 1119
1078 1118
1078 1079
1078 1119
1078 1120
1079 1119
1079 1080
1079 1120
1079 1121
1080 1120
1080 1081
1080 1121
1080 1122
1081 1121
1081 1082
1081 1122
1081 1123
1082 1122
1082 1083
1082 1123
1082 1124
1083 1123
1083 1084
1083 1124
1083 1125
1084 1124
1084 1085
1084 1125
1084 1126
1085 1125
1085 1086
1085 1126
1085 1127
1086 1126
1086 1087
1086 1127
1086 1128
1087 1127
1087 1088
1087 1128
1087 1129
1088 1128
1088 1089
1088 1129
1088 1130
1089 1129
1089 1090
1089 1130
1089 1131
1090 1130
1090 1091
1090 1131
1090 1132
1091 1131
1091 1092
1091 1132
1091 1133
1092 1132
1092 1093
1092 1133
1092 1134
1093 1133
1093 1094
1093 1134
1093 1135
1094 1134
1094 1095
1094 1135
1094 1136
1095 1135
1095 1096
1095 1136
1095 1137
1096 1136
1096 1097
1096 1137
1096 1138
1097 1137
1097 1098
1097 1138
1097 1139
1098 1138
1098 1099
1098 1139
1098 1140
1099 1139
1099 1100
1099 1140
1099 1141
1100 1140
1100 1101
1100 1141
1100 1142
1101 1141
1101 1102
1101 1142
1101 1143
1102 1142
1102 1103
1102 1143
1102 1144
1103 1143
1103 1104
1103 1144
1103 1145
1104 1144
1104 1105
1104 1145
1104 1146
1105 1145
1105 1106
1105 1146
1105 1147
1106 1146
1106 1107
1106 1147
1106 1148
1107 1147
1108 1109
1108 1149
1108 1150
1109 1149
1109 1110
1109 1150
1109 1151
1110 1150
1110 1111
1110 1151
1110 1152
1111 1151
1111 1112
1111 1152
1111 1153
1112 1152
1112 1113
1112 1153
1112 1154
1113 1153
1113 1114
1113 1154
1113 1155
1114 1154
1114 1115
1114 1155
1114 1156
1115 1155
1115 1116
1115 1156
1115 1157
1116 1156
1116 1117
1116 1157
1116 1158
1117 1157
1117 1118
1117 1158
1117 1159
1118 1158
1118 1119
1118 1159
1118 1160
1119 1159
1119 1120
1119 1160
1119 1161
1120 1160
1120 1121
1120 1161
1120 1162
1121 1161
1121 1122
1121 1162
1121 1163
1122 1162
1122 1123
1122 1163
1122 1164
1123 1163
1123 1124
1123 1164
1123 1165
1124 1164
1124 1125
1124 1165
1124 1166
1125 1165
1125 1126
1125 1166
1125 1167
1126 1166
1126 1127
1126 1167
1126 1168
1127 1167
1127 1128
1127 1168
1127 1169
1128 1168
1128 1129
1128 1169
1128 1170
1129 1169
1129 1130
1129 1170
1129 1171
1130 1170
1130 1131
1130 1171
1130 1172
1131 1171
1131 1132
1131 1172
1131 1173
1132 1172
1132 1133
1132 1173
1132 1174
1133 1173
1133 1134
1133 1174
1133 1175
1134 1174
1134 1135
1134 1175
1134 1176
1135 1175
1135 1136
1135 1176
1135 1177
1136 1176
1136 1137
1136 1177
1136 1178
1137 1177
1137 1138
1137 1178
1137 1179
1138 1178
1138 1139
1138 1179
1138 1180
1139 1179
1139 1140
1139 1180
1139 1181
1140 1180
1140 1141
1140 1181
1140 1182
1141 1181
1141 1142
1141 1182
1141 1183
1142 1182
1142 1143
1142 1183
1142 1184
1143 1183
1143 1144
1143 1184
1143 1185
1144 1184
1144 1145
1144 1185
1144 1186
1145 1185
1145 1146
1145 1186
1145 1187
1146 1186
1146 1147
1146 1187
1146 1188
1147 1187
1147 1148
1147 1188
1147 1189
1148 1188
1149 1150
1149 1190
1149 1191
1150 1190
1150 1151
1150 1191
1150 1192
1151 1191
1151 1152
1151 1192
1151 1193
1152 1192
1152 1153
1152 1193
1152 1194
1153 1193
1153 1154
1153 1194
1153 1195
1154 1194
1154 1155
1154 1195
1154 1196
1155 1195
1155 1156
1155 1196
1155 1197
1156 1196
1156 1157
1156 1197
1156 1198
1157 1197
1157 1158
1157 1198
1157 1199
1158 1198
1158 1159
1158 1199
1158 1200
1159 1199
1159 1160
1159 1200
1159 1201
1160 1200
1160 1161
1160 1201
1160 1202
1161 1201
1161 1162
1161 1202
1161 1203
1162 1202
1162 1163
1162 1203
1162 1204
1163 1203
1163 1164
1163 1204
1163 1205
1164 1204
1164 1165
1164 1205
1164 1206
1165 1205
1165 1166
1165 1206
1165 1207
1166 1206
1166 1167
1166 1207
1166 1208
1167 1207
1167 1168
1167 1208
1167 1209
1168 1208
1168 1169
1168 1209
1168 1210
1169 1209
1169 1170
1169 1210
1169 1211
1170 1210
1170 1171
1170 1211
1170 1212
1171 1211
1171 1172
1171 1212
1171 1213
1172 1212
1172 1173
1172 1213
1172 1214
1173 1213
1173 1174
1173 1214
1173 1215
1174 1214
1174 1175
1174 1215
1174 1216
1175 1215
1175 1176
1175 1216
1175 1217
1176 1216
1176 1177
1176 1217
1176 1218
1177 1217
1177 1178
1177 1218
1177 1219
1178 1218
1178 1179
1178 1219
1178 1220
1179 1219
1179 1180
1179 1220
1179 1221
1180 1220
1180 1181
1180 1221
1180 1222
1181 1221
1181 1182
1181 1222
1181 1223
1182 1222
1182 1183
1182 1223
1182 1224
1183 1223
1183 1184
1183 1224
1183 1225
1184 1224
1184 1185
1184 1225
1184 1226
1185 1225
1185 1186
1185 1226
1185 1227
1186 1226
1186 1187
1186 1227
1186 1228
1187 1227
1187 1188
1187 1228
1187 1229
1188 1228
1188 1189
1188 1229
1188 1230
1189 1229
1190 1191
1190 1231
1190 1232
1191 1231
1191 1192
1191 1232
1191 1233
1192 1232
1192 1193
1192 1233
1192 1234
1193 1233
1193 1194
1193 1234
1193 1235
1194 1234
1194 1195
1194 1235
1194 1236
1195 1235
1195 1196
1195 1236
1195 1237
1196 1236
1196 1197
1196 1237
1196 1238
1197 1237
1197 1198
1197 1238
1197 1239
1198 1238
1198 1199
1198 1239
1198 1240
1199 1239
1199 1200
1199 1240
1199 1241
1200 1240
1200 1201
1200 1241
1200 1242
1201 1241
1201 1202
1201 1242
1201 1243
1202 1242
1202 1203
1202 1243
1202 1244
1203 1243
1203 1204
1203 1244
1203 1245
1204 1244
1204 1205
1204 1245
1204 1246
1205 1245
1205 1206
1205 1246
1205 1247
1206 1246
1206 1207
1206 1247
1206 1248
1207 1247
1207 1208
1207 1248
1207 1249
1208 1248
1208 1209
1208 1249
1208 1250
1209 1249
1209 1210
1209 1250
1209 1251
1210 1250
1210 1211
1210 1251
1210 1252
1211 1251
1211 1212
1211 1252
1211 1253
1212 1252
1212 1213
1212 1253
1212 1254
1213 1253
1213 1214
1213 1254
1213 1255
1214 1254
1214 1215
1214 1255
1214 1256
1215 1255
1215 1216
1215 1256
1215 1257
1216 1256
1216 1217
1216 1257
1216 1258
1217 1257
1217 1218
1217 1258
1217 1259
1218 1258
1218 1219
1218 1259
1218 1260
1219 1259
1219 1220
1219 1260
1219 1261
1220 1260
1220 1221
1220 1261
1220 1262
1221 1261
1221 1222
1221 1262
1221 1263
1222 1262
1222 1223
1222 1263
1222 1264
1223 1263
1223 1224
1223 1264
1223 1265
1224 1264
1224 1225
1224 1265
1224 1266
1225 1265
1225 1226
1225 1266
1225 1267
1226 1266
1226 1227
1226 1267
1226 1268
1227 1267
1227 1228
1227 1268
1227 1269
1228 1268
1228 1229
1228 1269
1228 1270
1229 1269
1229 1230
1229 1270
1229 1271
1230 1270
1231 1232
1231 1272
1231 1273
1232 1272
1232 1233
1232 1273
1232 1274
1233 1273
1233 1234
1233 1274
1233 1275
1234 1274
1234 1235
1234 1275
1234 1276
1235 1275
1235 1236
1235 1276
1235 1277
1236 1276
1236 1237
1236 1277
1236 1278
1237 1277
1237 1238
1237 1278
1237 1279
1238 1278
1238 1239
1238 1279
1238 1280
1239 1279
1239 1240
1239 1280
1239 1281
1240 1280
1240 1241
1240 1281
1240 1282
1241 1281
1241 1242
1241 1282
1241 1283
1242 1282
1242 1243
1242 1283
1242 1284
1243 1283
1243 1244
1243 1284
1243 1285
1244 1284
1244 1245
1244 1285
1244 1286
1245 1285
1245 1246
1245 1286
1245 1287
1246 1286
1246 1247
1246 1287
1246 1288
1247 1287
1247 1248
1247 1288
1247 1289
1248 1288
1248 1249
1248 1289
1248 1290
1249 1289
1249 1250
1249 1290
1249 1291
1250 1290
1250 1251
1250 1291
1250 1292
1251 1291
1251 1252
1251 1292
1251 1293
1252 1292
1252 1253
1252 1293
1252 1294
1253 1293
1253 1254
1253 1294
1253 1295
1254 1294
1254 1255
1254 1295
1254 1296
1255 1295
1255 1256
1255 1296
1255 1297
1256 1296
1256 1257
1256 1297
1256 1298
1257 1297
1257 1258
1257 1298
1257 1299
1258 1298
1258 1259
1258 1299
1258 1300
1259 1299
1259 1260
1259 1300
1259 1301
1260 1300
1260 1261
1260 1301
1260 1302
1261 1301
1261 1262
1261 1302
1261 1303
1262 1302
1262 1263
1262 1303
1262 1304
1263 1303
1263 1264
1263 1304
1263 1305
1264 1304
1264 1265
1264 1305
1264 1306
1265 1305
1265 1266
1265 1306
1265 1307
1266 1306
1266 1267
1266 1307
1266 1308
1267 1307
1267 1268
1267 1308
1267 1309
1268 1308
1268 1269
1268 1309
1268 1310
1269 1309
1269 1270
1269 1310
1269 1311
1270 1310
1270 1271
1270 1311
1270 1312
1271 1311
1272 1273
1272 1313
1272 1314
1273 1313
1273 1274
1273 1314
1273 1315
1274 1314
1274 1275
1274 1315
1274 1316
1275 1315
1275 1276
1275 1316
1275 1317
1276 1316
1276 1277
1276 1317
1276 1318
1277 1317
1277 1278
1277 1318
1277 1319
1278 1318
1278 1279
1278 1319
1278 1320
1279 1319
1279 1280
1279 1320
1279 1321
1280 1320
1280 1281
1280 1321
1280 1322
1281 1321
1281 1282
1281 1322
1281 1323
1282 1322
1282 1283
1282 1323
1282 1324
1283 1323
1283 1284
1283 1324
1283 1325
1284 1324
1284 1285
1284 1325
1284 1326
1285 1325
1285 1286
1285 1326
1285 1327
1286 1326
1286 1287
1286 1327
1286 1328
1287 1327
1287 1288
1287 1328
1287 1329
1288 1328
1288 1289
1288 1329
1288 1330
1289 1329
1289 1290
1289 1330
1289 1331
1290 1330
1290 1291
1290 1331
1290 1332
1291 1331
1291 1292
1291 1332
1291 1333
1292 1332
1292 1293
1292 1333
1292 1334
1293 1333
1293 1294
1293 1334
1293 1335
1294 1334
1294 1295
1294 1335
1294 1336
1295 1335
1295 1296
1295 1336
1295 1337
1296 1336
1296 1297
1296 1337
1296 1338
1297 1337
1297 1298
1297 1338
1297 1339
1298 1338
1298 1299
1298 1339
1298 1340
1299 1339
1299 1300
1299 1340
1299 1341
1300 1340
1300 1301
1300 1341
1300 1342
1301 1341
1301 1302
1301 1342
1301 1343
1302 1342
1302 1303
1302 1343
1302 1344
1303 1343
1303 1304
1303 1344
1303 1345
1304 1344
1304 1305
1304 1345
1304 1346
1305 1345
1305 1306
1305 1346
1305 1347
1306 1346
1306 1307
1306 1347
1306 1348
1307 1347
1307 1308
1307 1348
1307 1349
1308 1348
1308 1309
1308 1349
1308 1350
1309 1349
1309 1310
1309 1350
1309 1351
1310 1350
1310 1311
1310 1351
1310 1352
1311 1351
1311 1312
1311 1352
1311 1353
1312 1352
1313 1314
1313 1354
1313 1355
1314 1354
1314 1315
1314 1355
1314 1356
1315 1355
1315 1316
1315 1356
1315 1357
1316 1356
1316 1317
1316 1357
1316 1358
1317 1357
1317 1318
1317 1358
1317 1359
1318 1358
1318 1319
1318 1359
1318 1360
1319 1359
1319 1320
1319 1360
1319 1361
1320 1360
1320 1321
1320 1361
1320 1362
1321 1361
1321 1322
1321 1362
1321 1363
1322 1362
1322 1323
1322 1363
1322 1364
1323 1363
1323 1324
1323 1364
1323 1365
1324 1364
1324 1325
1324 1365
1324 1366
1325 1365
1325 1326
1325 1366
1325 1367
1326 1366
1326 1327
1326 1367
1326 1368
1327 1367
1327 1328
1327 1368
1327 1369
1328 1368
1328 1329
1328 1369
1328 1370
1329 1369
1329 1330
1329 1370
1329 1371
1330 1370
1330 1331
1330 1371
1330 1372
1331 1371
1331 1332
1331 1372
1331 1373
1332 1372
1332 1333
1332 1373
1332 1374
1333 1373
1333 1334
1333 1374
1333 1375
1334 1374
1334 1335
1334 1375
1334 1376
1335 1375
1335 1336
1335 1376
1335 1377
1336 1376
1336 1337
1336 1377
1336 1378
1337 1377
1337 1338
1337 1378
1337 1379
1338 1378
1338 1339
1338 1379
1338 1380
1339 1379
1339 1340
1339 1380
1339 1381
1340 1380
1340 1341
1340 1381
1340 1382
1341 1381
1341 1342
1341 1382
1341 1383
1342 1382
1342 1343
1342 1383
1342 1384
1343 1383
1343 1344
1343 1384
1343 1385
1344 1384
1344 1345
1344 1385
1344 1386
1345 1385
1345 1346
1345 1386
1345 1387
1346 1386
1346 1347
1346 1387
1346 1388
1347 1387
1347 1348
1347 1388
1347 1389
1348 1388
1348 1349
1348 1389
1348 1390
1349 1389
1349 1350
1349 1390
1349 1391
1350 1390
1350 1351
1350 1391
1350 1392
1351 1391
1351 1352
1351 1392
1351 1393
1352 1392
1352 1353
1352 1393
1352 1394
1353 1393
1354 1355
1354 1395
1354 1396
1355 1395
1355 1356
1355 1396
1355 1397
1356 1396
1356 1357
1356 1397
1356 1398
1357 1397
1357 1358
1357 1398
1357 1399
1358 1398
1358 1359
1358 1399
1358 1400
1359 1399
1359 1360
1359 1400
1359 1401
1360 1400
1360 1361
1360 1401
1360 1402
1361 1401
1361 1362
1361 1402
1361 1403
1362 1402
1362 1363
1362 1403
1362 1404
1363 1403
1363 1364
1363 1404
1363 1405
1364 1404
1364 1365
1364 1405
1364 1406
1365 1405
1365 1366
1365 1406
1365 1407
1366 1406
1366 1367
1366 1407
1366 1408
1367 1407
1367 1368
1367 1408
1367 1409
1368 1408
1368 1369
1368 1409
1368 1410
1369 1409
1369 1370
1369 1410
1369 1411
1370 1410
1370 1371
1370 1411
1370 1412
1371 1411
1371 1372
1371 1412
1371 1413
1372 1412
1372 1373
1372 1413
1372 1414
1373 1413
1373 1374
1373 1414
1373 1415
1374 1414
1374 1375
1374 1415
1374 1416
1375 1415
1375 1376
1375 1416
1375 1417
1376 1416
1376 1377
1376 1417
1376 1418
1377 1417
1377 1378
1377 1418
1377 1419
1378 1418
1378 1379
1378 1419
1378 1420
1379 1419
1379 1380
1379 1420
1379 1421
1380 1420
1380 1381
1380 1421
1380 1422
1381 1421
1381 1382
1381 1422
1381 1423
1382 1422
1382 1383
1382 1423
1382 1424
1383 1423
1383 1384
1383 1424
1383 1425
1384 1424
1384 1385
1384 1425
1384 1426
1385 1425
1385 1386
1385 1426
1385 1427
1386 1426
1386 1387
1386 1427
1386 1428
1387 1427
1387 1388
1387 1428
1387 1429
1388 1428
1388 1389
1388 1429
1388 1430
1389 1429
1389 1390
1389 1430
1389 1431
1390 1430
1390 1391
1390 1431
1390 1432
1391 1431
1391 1392
1391 1432
1391 1433
1392 1432
1392 1393
1392 1433
1392 1434
1393 1433
1393 1394
1393 1434
1393 1435
1394 1434
1395 1396
1395 1436
1395 1437
1396 1436
1396 1397
1396 1437
1396 1438
1397 1437
1397 1398
1397 1438
1397 1439
1398 1438
1398 1399
1398 1439
1398 1440
1399 1439
1399 1400
1399 1440
1399 1441
1400 1440
1400 1401
1400 1441
1400 1442
1401 1441
1401 1402
1401 1442
1401 1443
1402 1442
1402 1403
1402 1443
1402 1444
1403 1443
1403 1404
1403 1444
1403 1445
1404 1444
1404 1405
1404 1445
1404 1446
1405 1445
1405 1406
1405 1446
1405 1447
1406 1446
1406 1407
1406 1447
1406 1448
1407 1447
1407 1408
1407 1448
1407 1449
1408 1448
1408 1409
1408 1449
1408 1450
1409 1449
1409 1410
1409 1450
1409 1451
1410 1450
1410 1411
1410 1451
1410 1452
1411 1451
1411 1412
1411 1452
1411 1453
1412 1452
1412 1413
1412 1453
1412 1454
1413 1453
1413 1414
1413 1454
1413 1455
1414 1454
1414 1415
1414 1455
1414 1456
1415 1455
1415 1416
1415 1456
1415 1457
1416 1456
1416 1417
1416 1457
1416 1458
1417 1457
1417 1418
1417 1458
1417 1459
1418 1458
1418 1419
1418 1459
1418 1460
1419 1459
1419 1420
1419 1460
1419 1461
1420 1460
1420 1421
1420 1461
1420 1462
1421 1461
1421 1422
1421 1462
1421 1463
1422 1462
1422 1423
1422 1463
1422 1464
1423 1463
1423 1424
1423 1464
1423 1465
1424 1464
1424 1425
1424 1465
1424 1466
1425 1465
1425 1426
1425 1466
1425 1467
1426 1466
1426 1427
1426 1467
1426 1468
1427 1467
1427 1428
1427 1468
1427 1469
1428 1468
1428 1429
1428 1469
1428 1470
1429 1469
1429 1430
1429 1470
1429 1471
1430 1470
1430 1431
1430 1471
1430 1472
1431 1471
1431 1432
1431 1472
1431 1473
1432 1472
1432 1433
1432 1473
1432 1474
1433 1473
1433 1434
1433 1474
1433 1475
1434 1474
1434 1435
1434 1475
1434 1476
1435 1475
1436 1437
1436 1477
1436 1478
1437 1477
1437 1438
1437 1478
1437 1479
1438 1478
1438 1439
1438 1479
1438 1480
1439 1479
1439 1440
1439 1480
1439 1481
1440 1480
1440 1441
1440 1481
1440 1482
1441 1481
1441 1442
1441 1482
1441 1483
1442 1482
1442 1443
1442 1483
1442 1484
1443 1483
1443 1444
1443 1484
1443 1485
1444 1484
1444 1445
1444 1485
1444 1486
1445 1485
1445 1446
1445 1486
1445 1487
1446 1486
1446 1447
1446 1487
1446 1488
1447 1487
1447 1448
1447 1488
1447 1489
1448 1488
1448 1449
1448 1489
1448 1490
1449 1489
1449 1450
1449 1490
1449 1491
1450 1490
1450 1451
1450 1491
1450 1492
1451 1491
1451 1452
1451 1492
1451 1493
1452 1492
1452 1453
1452 1493
1452 1494
1453 1493
1453 1454
1453 1494
1453 1495
1454 1494
1454 1455
1454 1495
1454 1496
1455 1495
1455 1456
1455 1496
1455 1497
1456 1496
1456 1457
1456 1497
1456 1498
1457 1497
1457 1458
1457 1498
1457 1499
1458 1498
1458 1459
1458 1499
1458 1500
1459 1499
1459 1460
1459 1500
1459 1501
1460 1500
1460 1461
1460 1501
1460 1502
1461 1501
1461 1462
1461 1502
1461 1503
1462 1502
1462 1463
1462 1503
1462 1504
1463 1503
1463 1464
1463 1504
1463 1505
1464 1504
1464 1465
1464 1505
1464 1506
1465 1505
1465 1466
1465 1506
1465 1507
1466 1506
1466 1467
1466 1507
1466 1508
1467 1507
1467 1468
1467 1508
1467 1509
1468 1508
1468 1469
1468 1509
1468 1510
1469 1509
1469 1470
1469 1510
1469 1511
1470 1510
1470 1471
1470 1511
1470 1512
1471 1511
1471 1472
1471 1512
1471 1513
1472 1512
1472 1473
1472 1513
1472 1514
1473 1513
1473 1474
1473 1514
1473 1515
1474 1514
1474 1475
1474 1515
1474 1516
1475 1515
1475 1476
1475 1516
1475 1517
1476 1516
1477 1478
1477 1518
1477 1519
1478 1518
1478 1479
1478 1519
1478 1520
1479 1519
1479 1480
1479 1520
1479 1521
1480 1520
1480 1481
1480 1521
1480 1522
1481 1521
1481 1482
1481 1522
1481 1523
1482 1522
1482 1483
1482 1523
1482 1524
1483 1523
1483 1484
1483 1524
1483 1525
1484 1524
1484 1485
1484 1525
1484 1526
1485 1525
1485 1486
1485 1526
1485 1527
1486 1526
1486 1487
1486 1527
1486 1528
1487 1527
1487 1488
1487 1528
1487 1529
1488 1528
1488 1489
1488 1529
1488 1530
1489 1529
1489 1490
1489 1530
1489 1531
1490 1530
1490 1491
1490 1531
1490 1532
1491 1531
1491 1492
1491 1532
1491 1533
1492 1532
1492 1493
1492 1533
1492 1534
1493 1533
1493 1494
1493 1534
1493 1535
1494 1534
1494 1495
1494 1535
1494 1536
1495 1535
1495 1496
1495 1536
1495 1537
1496 1536
1496 1497
1496 1537
1496 1538
1497 1537
1497 1498
1497 1538
1497 1539
1498 1538
1498 1499
1498 1539
1498 1540
1499 1539
1499 1500
1499 1540
1499 1541
1500 1540
1500 1501
1500 1541
1500 1542
1501 1541
1501 1502
1501 1542
1501 1543
1502 1542
1502 1503
1502 1543
1502 1544
1503 1543
1503 1504
1503 1544
1503 1545
1504 1544
1504 1505
1504 1545
1504 1546
1505 1545
1505 1506
1505 1546
1505 1547
1506 1546
1506 1507
1506 1547
1506 1548
1507 1547
1507 1508
1507 1548
1507 1549
1508 1548
1508 1509
1508 1549
1508 1550
1509 1549
1509 1510
1509 1550
1509 1551
1510 1550
1510 1511
1510 1551
1510 1552
1511 1551
1511 1512
1511 1552
1511 1553
1512 1552
1512 1513
1512 1553
1512 1554
1513 1553
1513 1514
1513 1554
1513 1555
1514 1554
1514 1515
1514 1555
1514 1556
1515 1555
1515 1516
1515 1556
1515 1557
1516 1556
1516 1517
1516 1557
1516 1558
1517 1557
1518 1519
1518 1559
1518 1560
1519 1559
1519 1520
1519 1560
1519 1561
1520 1560
1520 1521
1520 1561
1520 1562
1521 1561
1521 1522
1521 1562
1521 1563
1522 1562
1522 1523
1522 1563
1522 1564
1523 1563
1523 1524
1523 1564
1523 1565
1524 1564
1524 1525
1524 1565
1524 1566
1525 1565
1525 1526
1525 1566
1525 1567
1526 1566
1526 1527
1526 1567
1526 1568
1527 1567
1527 1528
1527 1568
1527 1569
1528 1568
1528 1529
1528 1569
1528 1570
1529 1569
1529 1530
1529 1570
1529 1571
1530 1570
1530 1531
1530 1571
1530 1572
1531 1571
1531 1532
1531 1572
1531 1573
1532 1572
1532 1533
1532 1573
1532 1574
1533 1573
1533 1534
1533 1574
1533 1575
1534 1574
1534 1535
1534 1575
1534 1576
1535 1575
1535 1536
1535 1576
1535 1577
1536 1576
1536 1537
1536 1577
1536 1578
1537 1577
1537 1538
1537 1578
1537 1579
1538 1578
1538 1539
1538 1579
1538 1580
1539 1579
1539 1540
1539 1580
1539 1581
1540 1580
1540 1541
1540 1581
1540 1582
1541 1581
1541 1542
1541 1582
1541 1583
1542 1582
1542 1543
1542 1583
1542 1584
1543 1583
1543 1544
1543 1584
1543 1585
1544 1584
1544 1545
1544 1585
1544 1586
1545 1585
1545 1546
1545 1586
1545 1587
1546 1586
1546 1547
1546 1587
1546 1588
1547 1587
1547 1548
1547 1588
1547 1589
1548 1588
1548 1549
1548 1589
1548 1590
1549 1589
1549 1550
1549 1590
1549 1591
1550 1590
1550 1551
1550 1591
1550 1592
1551 1591
1551 1552
1551 1592
1551 1593
1552 1592
1552 1553
1552 1593
1552 1594
1553 1593
1553 1554
1553 1594
1553 1595
1554 1594
1554 1555
1554 1595
1554 1596
1555 1595
1555 1556
1555 1596
1555 1597
1556 1596
1556 1557
1556 1597
1556 1598
1557 1597
1557 1558
1557 1598
1557 1599
1558 1598
1559 1560
1559 1600
1559 1601
1560 1600
1560 1561
1560 1601
1560 1602
1561 1601
1561 1562
1561 1602
1561 1603
1562 1602
1562 1563
1562 1603
1562 1604
1563 1603
1563 1564
1563 1604
1563 1605
1564 1604
1564 1565
1564 1605
1564 1606
1565 1605
1565 1566
1565 1606
1565 1607
1566 1606
1566 1567
1566 1607
1566 1608
1567 1607
1567 1568
1567 1608
1567 1609
1568 1608
1568 1569
1568 1609
1568 1610
1569 1609
1569 1570
1569 1610
1569 1611
1570 1610
1570 1571
1570 1611
1570 1612
1571 1611
1571 1572
1571 1612
1571 1613
1572 1612
1572 1573
1572 1613
1572 1614
1573 1613
1573 1574
1573 1614
1573 1615
1574 1614
1574 1575
1574 1615
1574 1616
1575 1615
1575 1576
1575 1616
1575 1617
1576 1616
1576 1577
1576 1617
1576 1618
1577 1617
1577 1578
1577 1618
1577 1619
1578 1618
1578 1579
1578 1619
1578 1620
1579 1619
1579 1580
1579 1620
1579 1621
1580 1620
1580 1581
1580 1621
1580 1622
1581 1621
1581 1582
1581 1622
1581 1623
1582 1622
1582 1583
1582 1623
1582 1624
1583 1623
1583 1584
1583 1624
1583 1625
1584 1624
1584 1585
1584 1625
1584 1626
1585 1625
1585 1586
1585 1626
1585 1627
1586 1626
1586 1587
1586 1627
1586 1628
1587 1627
1587 1588
1587 1628
1587 1629
1588 1628
1588 1589
1588 1629
1588 1630
1589 1629
1589 1590
1589 1630
1589 1631
1590 1630
1590 1591
1590 1631
1590 1632
1591 1631
1591 1592
1591 1632
1591 1633
1592 1632
1592 1593
1592 1633
1592 1634
1593 1633
1593 1594
1593 1634
1593 1635
1594 1634
1594 1595
1594 1635
1594 1636
1595 1635
1595 1596
1595 1636
1595 1637
1596 1636
1596 1597
1596 1637
1596 1638
1597 1637
1597 1598
1597 1638
1597 1639
1598 1638
1598 1599
1598 1639
1598 1640
1599 1639
1600 1601
1600 1641
1600 1642
1601 1641
1601 1602
1601 1642
1601 1643
1602 1642
1602 1603
1602 1643
1602 1644
1603 1643
1603 1604
1603 1644
1603 1645
1604 1644
1604 1605
1604 1645
1604 1646
1605 1645
1605 1606
1605 1646
1605 1647
1606 1646
1606 1607
1606 1647
1606 1648
1607 1647
1607 1608
1607 1648
1607 1649
1608 1648
1608 1609
1608 1649
1608 1650
1609 1649
1609 1610
1609 1650
1609 1651
1610 1650
1610 1611
1610 1651
1610 1652
1611 1651
1611 1612
1611 1652
1611 1653
1612 1652
1612 1613
1612 1653
1612 1654
1613 1653
1613 1614
1613 1654
1613 1655
1614 1654
1614 1615
1614 1655
1614 1656
1615 1655
1615 1616
1615 1656
1615 1657
1616 1656
1616 1617
1616 1657
1616 1658
1617 1657
1617 1618
1617 1658
1617 1659
1618 1658
1618 1619
1618 1659
1618 1660
1619 1659
1619 1620
1619 1660
1619 1661
1620 1660
1620 1621
1620 1661
1620 1662
1621 1661
1621 1622
1621 1662
1621 1663
1622 1662
1622 1623
1622 1663
1622 1664
1623 1663
1623 1624
1623 1664
1623 1665
1624 1664
1624 1625
1624 1665
1624 1666
1625 1665
1625 1626
1625 1666
1625 1667
1626 1666
1626 1627
1626 1667
1626 1668
1627 1667
1627 1628
1627 1668
1627 1669
1628 1668
1628 1629
1628 1669
1628 1670
1629 1669
1629 1630
1629 1670
1629 1671
1630 1670
1630 1631
1630 1671
1630 1672
1631 1671
1631 1632
1631 1672
1631 1673
1632 1672
1632 1633
1632 1673
1632 1674
1633 1673
1633 1634
1633 1674
1633 1675
1634 1674
1634 1635
1634 1675
1634 1676
1635 1675
1635 1636
1635 1676
1635 1677
1636 1676
1636 1637
1636 1677
1636 1678
1637 1677
1637 1638
1637 1678
1637 1679
1638 1678
1638 1639
1638 1679
1638 1680
1639 1679
1639 1640
1639 1680
1639 1681
1640 1680
41 82
82 123
123 164
164 205
205 246
246 287
287 328
328 369
369 410
410 451
451 492
492 533
533 574
574 615
615 656
656 697
697 738
738 779
779 820
820 861
861 902
902 943
943 984
984 1025
1025 1066
1066 1107
1107 1148
1148 1189
1189 1230
1230 1271
1271 1312
1312 1353
1353 1394
1394 1435
1435 1476
1476 1517
1517 1558
1558 1599
1599 1640
1640 1681
1641 1642
1642 1643
1643 1644
1644 1645
1645 1646
1646 1647
1647 1648
1648 1649
1649 1650
1650 1651
1651 1652
1652 1653
1653 1654
1654 1655
1655 1656
1656 1657
1657 1658
1658 1659
1659 1660
1660 1661
1661 1662
1662 1663
1663 1664
1664 1665
1665 1666
1666 1667
1667 1668
1668 1669
1669 1670
1670 1671
1671 1672
1672 1673
1673 1674
1674 1675
1675 1676
1676 1677
1677 1678
1678 1679
1679 1680
1680 1681
