58 1653
1 2 15
1 3 9
1 4 8
1 5 1
1 6 0
1 7 3
1 8 8
1 9 10
1 10 14
1 11 13
1 12 6
1 13 1
1 14 15
1 15 9
1 16 7
1 17 7
1 18 9
1 19 3
1 20 9
1 21 0
1 22 3
1 23 15
1 24 11
1 25 8
1 26 10
1 27 2
1 28 13
1 29 15
1 30 15
1 31 2
1 32 10
1 33 4
1 34 1
1 35 8
1 36 11
1 37 0
1 38 6
1 39 13
1 40 13
1 41 3
1 42 6
1 43 14
1 44 12
1 45 9
1 46 2
1 47 0
1 48 0
1 49 11
1 50 10
1 51 6
1 52 10
1 53 7
1 54 1
1 55 11
1 56 11
1 57 10
1 58 14
2 3 2
2 4 0
2 5 14
2 6 5
2 7 13
2 8 11
2 9 0
2 10 2
2 11 3
2 12 14
2 13 14
2 14 11
2 15 8
2 16 0
2 17 4
2 18 2
2 19 6
2 20 11
2 21 3
2 22 8
2 23 12
2 24 3
2 25 7
2 26 14
2 27 14
2 28 6
2 29 0
2 30 1
2 31 2
2 32 1
2 33 13
2 34 12
2 35 10
2 36 12
2 37 12
2 38 10
2 39 0
2 40 8
2 41 9
2 42 10
2 43 12
2 44 9
2 45 14
2 46 13
2 47 14
2 48 5
2 49 9
2 50 12
2 51 6
2 52 0
2 53 10
2 54 6
2 55 12
2 56 1
2 57 5
2 58 13
3 4 0
3 5 12
3 6 0
3 7 0
3 8 8
3 9 9
3 10 9
3 11 12
3 12 1
3 13 4
3 14 8
3 15 11
3 16 9
3 17 1
3 18 10
3 19 13
3 20 12
3 21 7
3 22 4
3 23 15
3 24 11
3 25 11
3 26 6
3 27 4
3 28 7
3 29 6
3 30 8
3 31 12
3 32 5
3 33 7
3 34 1
3 35 13
3 36 0
3 37 9
3 38 4
3 39 5
3 40 2
3 41 4
3 42 9
3 43 2
3 44 5
3 45 10
3 46 12
3 47 12
3 48 10
3 49 13
3 50 3
3 51 14
3 52 3
3 53 8
3 54 15
3 55 10
3 56 8
3 57 0
3 58 1
4 5 8
4 6 6
4 7 7
4 8 6
4 9 6
4 10 2
4 11 6
4 12 13
4 13 11
4 14 2
4 15 12
4 16 10
4 17 8
4 18 2
4 19 13
4 20 6
4 21 8
4 22 1
4 23 11
4 24 14
4 25 1
4 26 11
4 27 6
4 28 0
4 29 6
4 30 12
4 31 12
4 32 15
4 33 10
4 34 14
4 35 6
4 36 8
4 37 0
4 38 0
4 39 2
4 40 3
4 41 9
4 42 7
4 43 5
4 44 4
4 45 12
4 46 14
4 47 7
4 48 15
4 49 2
4 50 12
4 51 8
4 52 0
4 53 12
4 54 10
4 55 15
4 56 6
4 57 0
4 58 2
5 6 3
5 7 7
5 8 11
5 9 10
5 10 6
5 11 3
5 12 2
5 13 2
5 14 7
5 15 6
5 16 6
5 17 10
5 18 2
5 19 11
5 20 2
5 21 10
5 22 12
5 23 12
5 24 15
5 25 15
5 26 3
5 27 1
5 28 13
5 29 1
5 30 12
5 31 9
5 32 0
5 33 10
5 34 9
5 35 13
5 36 4
5 37 15
5 38 5
5 39 1
5 40 1
5 41 4
5 42 5
5 43 6
5 44 4
5 45 3
5 46 15
5 47 14
5 48 6
5 49 4
5 50 2
5 51 5
5 52 10
5 53 6
5 54 3
5 55 3
5 56 11
5 57 8
5 58 6
6 7 7
6 8 9
6 9 12
6 10 9
6 11 9
6 12 10
6 13 13
6 14 5
6 15 5
6 16 2
6 17 10
6 18 6
6 19 0
6 20 3
6 21 5
6 22 9
6 23 15
6 24 2
6 25 11
6 26 12
6 27 15
6 28 3
6 29 3
6 30 4
6 31 13
6 32 4
6 33 5
6 34 9
6 35 8
6 36 15
6 37 8
6 38 13
6 39 2
6 40 3
6 41 9
6 42 8
6 43 10
6 44 0
6 45 7
6 46 13
6 47 5
6 48 7
6 49 0
6 50 14
6 51 0
6 52 11
6 53 10
6 54 3
6 55 8
6 56 10
6 57 4
6 58 2
7 8 5
7 9 10
7 10 0
7 11 11
7 12 10
7 13 13
7 14 2
7 15 1
7 16 1
7 17 3
7 18 2
7 19 3
7 20 7
7 21 0
7 22 1
7 23 11
7 24 7
7 25 10
7 26 11
7 27 6
7 28 14
7 29 14
7 30 3
7 31 2
7 32 7
7 33 14
7 34 14
7 35 12
7 36 3
7 37 11
7 38 2
7 39 4
7 40 4
7 41 10
7 42 10
7 43 15
7 44 6
7 45 1
7 46 9
7 47 12
7 48 5
7 49 0
7 50 2
7 51 4
7 52 13
7 53 7
7 54 6
7 55 9
7 56 10
7 57 11
7 58 13
8 9 2
8 10 3
8 11 2
8 12 11
8 13 15
8 14 14
8 15 12
8 16 3
8 17 7
8 18 6
8 19 7
8 20 11
8 21 6
8 22 9
8 23 13
8 24 10
8 25 6
8 26 9
8 27 1
8 28 8
8 29 3
8 30 0
8 31 2
8 32 6
8 33 12
8 34 10
8 35 1
8 36 7
8 37 4
8 38 12
8 39 9
8 40 10
8 41 7
8 42 2
8 43 1
8 44 0
8 45 14
8 46 7
8 47 8
8 48 6
8 49 5
8 50 1
8 51 7
8 52 4
8 53 8
8 54 9
8 55 3
8 56 13
8 57 4
8 58 12
9 10 4
9 11 6
9 12 3
9 13 8
9 14 10
9 15 2
9 16 5
9 17 8
9 18 7
9 19 0
9 20 13
9 21 10
9 22 4
9 23 12
9 24 13
9 25 15
9 26 12
9 27 15
9 28 4
9 29 15
9 30 8
9 31 9
9 32 6
9 33 9
9 34 13
9 35 9
9 36 5
9 37 10
9 38 10
9 39 1
9 40 8
9 41 6
9 42 12
9 43 2
9 44 15
9 45 9
9 46 1
9 47 6
9 48 1
9 49 2
9 50 4
9 51 9
9 52 9
9 53 9
9 54 1
9 55 12
9 56 3
9 57 2
9 58 8
10 11 11
10 12 4
10 13 3
10 14 9
10 15 12
10 16 3
10 17 13
10 18 11
10 19 7
10 20 2
10 21 9
10 22 3
10 23 12
10 24 0
10 25 6
10 26 2
10 27 0
10 28 0
10 29 3
10 30 12
10 31 3
10 32 1
10 33 5
10 34 14
10 35 4
10 36 3
10 37 2
10 38 4
10 39 1
10 40 7
10 41 0
10 42 5
10 43 1
10 44 2
10 45 5
10 46 5
10 47 5
10 48 15
10 49 4
10 50 10
10 51 4
10 52 7
10 53 7
10 54 4
10 55 4
10 56 4
10 57 0
10 58 7
11 12 0
11 13 1
11 14 11
11 15 11
11 16 5
11 17 3
11 18 10
11 19 8
11 20 1
11 21 8
11 22 14
11 23 1
11 24 14
11 25 0
11 26 9
11 27 8
11 28 7
11 29 8
11 30 7
11 31 12
11 32 12
11 33 2
11 34 13
11 35 14
11 36 15
11 37 4
11 38 6
11 39 4
11 40 1
11 41 15
11 42 11
11 43 11
11 44 9
11 45 13
11 46 6
11 47 11
11 48 14
11 49 3
11 50 13
11 51 13
11 52 12
11 53 7
11 54 5
11 55 15
11 56 8
11 57 15
11 58 2
12 13 3
12 14 9
12 15 5
12 16 15
12 17 13
12 18 0
12 19 1
12 20 0
12 21 8
12 22 6
12 23 15
12 24 11
12 25 7
12 26 1
12 27 12
12 28 3
12 29 4
12 30 5
12 31 9
12 32 6
12 33 5
12 34 2
12 35 6
12 36 0
12 37 8
12 38 8
12 39 4
12 40 0
12 41 7
12 42 11
12 43 4
12 44 4
12 45 9
12 46 12
12 47 15
12 48 15
12 49 10
12 50 10
12 51 15
12 52 14
12 53 2
12 54 13
12 55 5
12 56 9
12 57 14
12 58 9
13 14 9
13 15 11
13 16 7
13 17 12
13 18 14
13 19 15
13 20 10
13 21 4
13 22 5
13 23 6
13 24 12
13 25 15
13 26 8
13 27 8
13 28 13
13 29 1
13 30 7
13 31 3
13 32 14
13 33 1
13 34 11
13 35 13
13 36 3
13 37 11
13 38 4
13 39 4
13 40 8
13 41 13
13 42 14
13 43 13
13 44 9
13 45 6
13 46 12
13 47 3
13 48 3
13 49 1
13 50 3
13 51 8
13 52 4
13 53 6
13 54 6
13 55 4
13 56 11
13 57 0
13 58 4
14 15 12
14 16 10
14 17 5
14 18 14
14 19 9
14 20 5
14 21 10
14 22 5
14 23 6
14 24 13
14 25 8
14 26 11
14 27 3
14 28 14
14 29 7
14 30 6
14 31 15
14 32 3
14 33 1
14 34 1
14 35 1
14 36 4
14 37 7
14 38 5
14 39 12
14 40 10
14 41 9
14 42 15
14 43 7
14 44 2
14 45 11
14 46 4
14 47 14
14 48 3
14 49 8
14 50 14
14 51 8
14 52 9
14 53 15
14 54 15
14 55 15
14 56 15
14 57 14
14 58 4
15 16 6
15 17 5
15 18 0
15 19 0
15 20 9
15 21 14
15 22 4
15 23 1
15 24 1
15 25 15
15 26 8
15 27 9
15 28 15
15 29 5
15 30 7
15 31 2
15 32 0
15 33 4
15 34 4
15 35 14
15 36 5
15 37 11
15 38 3
15 39 6
15 40 12
15 41 12
15 42 14
15 43 11
15 44 14
15 45 7
15 46 11
15 47 0
15 48 12
15 49 0
15 50 14
15 51 3
15 52 4
15 53 11
15 54 9
15 55 2
15 56 12
15 57 4
15 58 15
16 17 14
16 18 10
16 19 15
16 20 14
16 21 2
16 22 5
16 23 10
16 24 3
16 25 6
16 26 1
16 27 15
16 28 8
16 29 14
16 30 4
16 31 8
16 32 14
16 33 2
16 34 5
16 35 7
16 36 2
16 37 14
16 38 11
16 39 7
16 40 0
16 41 0
16 42 11
16 43 6
16 44 0
16 45 11
16 46 3
16 47 14
16 48 15
16 49 3
16 50 7
16 51 1
16 52 12
16 53 9
16 54 0
16 55 6
16 56 9
16 57 11
16 58 5
17 18 3
17 19 2
17 20 3
17 21 3
17 22 7
17 23 12
17 24 12
17 25 12
17 26 0
17 27 2
17 28 8
17 29 10
17 30 8
17 31 2
17 32 9
17 33 2
17 34 6
17 35 2
17 36 1
17 37 11
17 38 5
17 39 10
17 40 2
17 41 0
17 42 4
17 43 7
17 44 5
17 45 7
17 46 13
17 47 11
17 48 3
17 49 6
17 50 9
17 51 14
17 52 14
17 53 14
17 54 13
17 55 9
17 56 7
17 57 6
17 58 8
18 19 12
18 20 6
18 21 6
18 22 3
18 23 13
18 24 0
18 25 13
18 26 7
18 27 6
18 28 8
18 29 12
18 30 7
18 31 8
18 32 15
18 33 7
18 34 12
18 35 3
18 36 0
18 37 13
18 38 7
18 39 15
18 40 5
18 41 15
18 42 2
18 43 13
18 44 12
18 45 14
18 46 13
18 47 2
18 48 6
18 49 15
18 50 13
18 51 9
18 52 2
18 53 12
18 54 3
18 55 1
18 56 4
18 57 9
18 58 8
19 20 9
19 21 7
19 22 3
19 23 11
19 24 11
19 25 3
19 26 9
19 27 0
19 28 2
19 29 9
19 30 0
19 31 13
19 32 5
19 33 1
19 34 15
19 35 13
19 36 9
19 37 13
19 38 1
19 39 12
19 40 6
19 41 13
19 42 12
19 43 8
19 44 3
19 45 10
19 46 8
19 47 15
19 48 12
19 49 10
19 50 9
19 51 7
19 52 15
19 53 12
19 54 11
19 55 11
19 56 2
19 57 4
19 58 0
20 21 12
20 22 6
20 23 10
20 24 8
20 25 9
20 26 13
20 27 1
20 28 3
20 29 13
20 30 15
20 31 0
20 32 12
20 33 14
20 34 0
20 35 2
20 36 12
20 37 5
20 38 9
20 39 10
20 40 13
20 41 10
20 42 15
20 43 9
20 44 14
20 45 14
20 46 3
20 47 14
20 48 4
20 49 2
20 50 7
20 51 6
20 52 5
20 53 8
20 54 12
20 55 2
20 56 3
20 57 4
20 58 7
21 22 8
21 23 14
21 24 7
21 25 10
21 26 11
21 27 13
21 28 5
21 29 15
21 30 6
21 31 9
21 32 15
21 33 0
21 34 1
21 35 5
21 36 11
21 37 11
21 38 2
21 39 8
21 40 14
21 41 6
21 42 15
21 43 8
21 44 7
21 45 8
21 46 6
21 47 0
21 48 3
21 49 5
21 50 11
21 51 7
21 52 5
21 53 13
21 54 3
21 55 4
21 56 14
21 57 11
21 58 7
22 23 12
22 24 4
22 25 8
22 26 3
22 27 14
22 28 9
22 29 8
22 30 10
22 31 7
22 32 6
22 33 13
22 34 2
22 35 7
22 36 1
22 37 12
22 38 11
22 39 7
22 40 5
22 41 12
22 42 1
22 43 6
22 44 10
22 45 2
22 46 14
22 47 5
22 48 9
22 49 11
22 50 9
22 51 2
22 52 2
22 53 13
22 54 14
22 55 8
22 56 8
22 57 7
22 58 12
23 24 15
23 25 2
23 26 7
23 27 7
23 28 10
23 29 4
23 30 7
23 31 7
23 32 5
23 33 15
23 34 15
23 35 10
23 36 11
23 37 5
23 38 14
23 39 5
23 40 13
23 41 4
23 42 2
23 43 3
23 44 4
23 45 9
23 46 10
23 47 1
23 48 14
23 49 13
23 50 8
23 51 5
23 52 13
23 53 8
23 54 3
23 55 1
23 56 2
23 57 8
23 58 2
24 25 9
24 26 11
24 27 0
24 28 5
24 29 9
24 30 9
24 31 4
24 32 10
24 33 4
24 34 11
24 35 6
24 36 1
24 37 5
24 38 4
24 39 15
24 40 3
24 41 8
24 42 5
24 43 13
24 44 14
24 45 11
24 46 10
24 47 0
24 48 8
24 49 1
24 50 2
24 51 11
24 52 15
24 53 14
24 54 2
24 55 2
24 56 9
24 57 9
24 58 11
25 26 4
25 27 0
25 28 14
25 29 10
25 30 8
25 31 10
25 32 5
25 33 13
25 34 10
25 35 15
25 36 6
25 37 2
25 38 6
25 39 15
25 40 12
25 41 6
25 42 8
25 43 9
25 44 8
25 45 11
25 46 13
25 47 1
25 48 2
25 49 6
25 50 8
25 51 6
25 52 2
25 53 9
25 54 4
25 55 7
25 56 1
25 57 10
25 58 11
26 27 0
26 28 13
26 29 14
26 30 6
26 31 0
26 32 11
26 33 8
26 34 0
26 35 8
26 36 4
26 37 3
26 38 7
26 39 14
26 40 5
26 41 7
26 42 2
26 43 12
26 44 7
26 45 8
26 46 10
26 47 6
26 48 14
26 49 6
26 50 13
26 51 11
26 52 12
26 53 7
26 54 7
26 55 14
26 56 5
26 57 8
26 58 13
27 28 14
27 29 5
27 30 10
27 31 10
27 32 5
27 33 13
27 34 6
27 35 1
27 36 6
27 37 5
27 38 12
27 39 13
27 40 5
27 41 10
27 42 9
27 43 3
27 44 10
27 45 11
27 46 6
27 47 11
27 48 13
27 49 0
27 50 0
27 51 13
27 52 2
27 53 8
27 54 10
27 55 13
27 56 10
27 57 6
27 58 5
28 29 5
28 30 10
28 31 12
28 32 6
28 33 6
28 34 6
28 35 0
28 36 10
28 37 14
28 38 13
28 39 2
28 40 3
28 41 10
28 42 7
28 43 14
28 44 9
28 45 1
28 46 15
28 47 9
28 48 13
28 49 2
28 50 9
28 51 13
28 52 13
28 53 12
28 54 10
28 55 10
28 56 10
28 57 11
28 58 3
29 30 11
29 31 1
29 32 0
29 33 15
29 34 9
29 35 10
29 36 7
29 37 7
29 38 8
29 39 8
29 40 15
29 41 7
29 42 12
29 43 14
29 44 15
29 45 0
29 46 3
29 47 9
29 48 9
29 49 13
29 50 14
29 51 11
29 52 1
29 53 4
29 54 2
29 55 10
29 56 3
29 57 6
29 58 14
30 31 10
30 32 12
30 33 9
30 34 14
30 35 4
30 36 0
30 37 0
30 38 6
30 39 11
30 40 5
30 41 4
30 42 15
30 43 9
30 44 2
30 45 11
30 46 7
30 47 2
30 48 4
30 49 3
30 50 10
30 51 14
30 52 11
30 53 9
30 54 11
30 55 9
30 56 11
30 57 10
30 58 4
31 32 13
31 33 12
31 34 3
31 35 14
31 36 8
31 37 7
31 38 15
31 39 14
31 40 10
31 41 8
31 42 10
31 43 12
31 44 7
31 45 8
31 46 4
31 47 8
31 48 11
31 49 13
31 50 1
31 51 10
31 52 0
31 53 11
31 54 15
31 55 0
31 56 15
31 57 12
31 58 11
32 33 6
32 34 1
32 35 8
32 36 4
32 37 5
32 38 11
32 39 8
32 40 3
32 41 14
32 42 14
32 43 4
32 44 6
32 45 3
32 46 5
32 47 6
32 48 5
32 49 10
32 50 9
32 51 15
32 52 9
32 53 10
32 54 1
32 55 11
32 56 2
32 57 15
32 58 15
33 34 5
33 35 14
33 36 12
33 37 15
33 38 3
33 39 15
33 40 13
33 41 7
33 42 1
33 43 4
33 44 10
33 45 5
33 46 6
33 47 7
33 48 2
33 49 5
33 50 8
33 51 1
33 52 11
33 53 12
33 54 9
33 55 9
33 56 2
33 57 9
33 58 13
34 35 5
34 36 8
34 37 12
34 38 8
34 39 0
34 40 10
34 41 7
34 42 9
34 43 15
34 44 1
34 45 7
34 46 7
34 47 7
34 48 2
34 49 4
34 50 4
34 51 14
34 52 7
34 53 5
34 54 13
34 55 13
34 56 9
34 57 14
34 58 3
35 36 11
35 37 14
35 38 2
35 39 1
35 40 11
35 41 3
35 42 12
35 43 4
35 44 3
35 45 9
35 46 10
35 47 11
35 48 9
35 49 7
35 50 1
35 51 11
35 52 10
35 53 7
35 54 11
35 55 2
35 56 7
35 57 1
35 58 0
36 37 10
36 38 15
36 39 13
36 40 13
36 41 4
36 42 1
36 43 9
36 44 4
36 45 3
36 46 4
36 47 9
36 48 14
36 49 0
36 50 2
36 51 14
36 52 14
36 53 15
36 54 15
36 55 9
36 56 11
36 57 14
36 58 10
37 38 2
37 39 3
37 40 10
37 41 12
37 42 3
37 43 2
37 44 2
37 45 4
37 46 4
37 47 6
37 48 0
37 49 3
37 50 3
37 51 0
37 52 1
37 53 1
37 54 0
37 55 4
37 56 0
37 57 5
37 58 8
38 39 0
38 40 1
38 41 2
38 42 11
38 43 15
38 44 15
38 45 0
38 46 2
38 47 13
38 48 9
38 49 6
38 50 13
38 51 11
38 52 4
38 53 5
38 54 14
38 55 3
38 56 6
38 57 10
38 58 12
39 40 13
39 41 1
39 42 0
39 43 5
39 44 5
39 45 14
39 46 3
39 47 4
39 48 9
39 49 0
39 50 14
39 51 8
39 52 11
39 53 4
39 54 1
39 55 3
39 56 15
39 57 9
39 58 11
40 41 3
40 42 1
40 43 6
40 44 14
40 45 5
40 46 0
40 47 5
40 48 15
40 49 11
40 50 9
40 51 4
40 52 2
40 53 8
40 54 6
40 55 14
40 56 7
40 57 2
40 58 7
41 42 6
41 43 10
41 44 1
41 45 7
41 46 6
41 47 14
41 48 13
41 49 10
41 50 13
41 51 9
41 52 1
41 53 3
41 54 8
41 55 10
41 56 13
41 57 15
41 58 6
42 43 13
42 44 5
42 45 3
42 46 14
42 47 12
42 48 5
42 49 12
42 50 9
42 51 6
42 52 14
42 53 6
42 54 1
42 55 12
42 56 1
42 57 6
42 58 6
43 44 0
43 45 6
43 46 7
43 47 14
43 48 6
43 49 12
43 50 10
43 51 9
43 52 11
43 53 13
43 54 13
43 55 7
43 56 5
43 57 5
43 58 11
44 45 3
44 46 8
44 47 4
44 48 11
44 49 2
44 50 1
44 51 2
44 52 8
44 53 11
44 54 4
44 55 11
44 56 6
44 57 4
44 58 6
45 46 8
45 47 7
45 48 7
45 49 13
45 50 14
45 51 4
45 52 5
45 53 11
45 54 12
45 55 5
45 56 11
45 57 14
45 58 9
46 47 15
46 48 7
46 49 2
46 50 3
46 51 15
46 52 6
46 53 13
46 54 11
46 55 9
46 56 0
46 57 11
46 58 14
47 48 5
47 49 10
47 50 3
47 51 4
47 52 0
47 53 13
47 54 11
47 55 3
47 56 15
47 57 3
47 58 2
48 49 8
48 50 3
48 51 14
48 52 0
48 53 4
48 54 2
48 55 13
48 56 11
48 57 15
48 58 12
49 50 0
49 51 13
49 52 3
49 53 9
49 54 8
49 55 12
49 56 14
49 57 8
49 58 15
50 51 5
50 52 14
50 53 11
50 54 7
50 55 11
50 56 6
50 57 0
50 58 10
51 52 1
51 53 7
51 54 4
51 55 3
51 56 12
51 57 10
51 58 11
52 53 10
52 54 12
52 55 13
52 56 7
52 57 15
52 58 5
53 54 11
53 55 9
53 56 2
53 57 2
53 58 9
54 55 15
54 56 6
54 57 12
54 58 7
55 56 3
55 57 3
55 58 11
56 57 12
56 58 9
57 58 2
676 2550
1 2
1 27
1 28
2 27
2 3
2 28
2 29
3 28
3 4
3 29
3 30
4 29
4 5
4 30
4 31
5 30
5 6
5 31
5 32
6 31
6 7
6 32
6 33
7 32
7 8
7 33
7 34
8 33
8 9
8 34
8 35
9 34
9 10
9 35
9 36
10 35
10 11
10 36
10 37
11 36
11 12
11 37
11 38
12 37
12 13
12 38
12 39
13 38
13 14
13 39
13 40
14 39
14 15
14 40
14 41
15 40
15 16
15 41
15 42
16 41
16 17
16 42
16 43
17 42
17 18
17 43
17 44
18 43
18 19
18 44
18 45
19 44
19 20
19 45
19 46
20 45
20 21
20 46
20 47
21 46
21 22
21 47
21 48
22 47
22 23
22 48
22 49
23 48
23 24
23 49
23 50
24 49
24 25
24 50
24 51
25 50
25 26
25 51
25 52
26 51
27 28
27 53
27 54
28 53
28 29
28 54
28 55
29 54
29 30
29 55
29 56
30 55
30 31
30 56
30 57
31 56
31 32
31 57
31 58
32 57
32 33
32 58
32 59
33 58
33 34
33 59
33 60
34 59
34 35
34 60
34 61
35 60
35 36
35 61
35 62
36 61
36 37
36 62
36 63
37 62
37 38
37 63
37 64
38 63
38 39
38 64
38 65
39 64
39 40
39 65
39 66
40 65
40 41
40 66
40 67
41 66
41 42
41 67
41 68
42 67
42 43
42 68
42 69
43 68
43 44
43 69
43 70
44 69
44 45
44 70
44 71
45 70
45 46
45 71
45 72
46 71
46 47
46 72
46 73
47 72
47 48
47 73
47 74
48 73
48 49
48 74
48 75
49 74
49 50
49 75
49 76
50 75
50 51
50 76
50 77
51 76
51 52
51 77
51 78
52 77
53 54
53 79
53 80
54 79
54 55
54 80
54 81
55 80
55 56
55 81
55 82
56 81
56 57
56 82
56 83
57 82
57 58
57 83
57 84
58 83
58 59
58 84
58 85
59 84
59 60
59 85
59 86
60 85
60 61
60 86
60 87
61 86
61 62
61 87
61 88
62 87
62 63
62 88
62 89
63 88
63 64
63 89
63 90
64 89
64 65
64 90
64 91
65 90
65 66
65 91
65 92
66 91
66 67
66 92
66 93
67 92
67 68
67 93
67 94
68 93
68 69
68 94
68 95
69 94
69 70
69 95
69 96
70 95
70 71
70 96
70 97
71 96
71 72
71 97
71 98
72 97
72 73
72 98
72 99
73 98
73 74
73 99
73 100
74 99
74 75
74 100
74 101
75 100
75 76
75 101
75 102
76 101
76 77
76 102
76 103
77 102
77 78
77 103
77 104
78 103
79 80
79 105
79 106
80 105
80 81
80 106
80 107
81 106
81 82
81 107
81 108
82 107
82 83
82 108
82 109
83 108
83 84
83 109
83 110
84 109
84 85
84 110
84 111
85 110
85 86
85 111
85 112
86 111
86 87
86 112
86 113
87 112
87 88
87 113
87 114
88 113
88 89
88 114
88 115
89 114
89 90
89 115
89 116
90 115
90 91
90 116
90 117
91 116
91 92
91 117
91 118
92 117
92 93
92 118
92 119
93 118
93 94
93 119
93 120
94 119
94 95
94 120
94 121
95 120
95 96
95 121
95 122
96 121
96 97
96 122
96 123
97 122
97 98
97 123
97 124
98 123
98 99
98 124
98 125
99 124
99 100
99 125
99 126
100 125
100 101
100 126
100 127
101 126
101 102
101 127
101 128
102 127
102 103
102 128
102 129
103 128
103 104
103 129
103 130
104 129
105 106
105 131
105 132
106 131
106 107
106 132
106 133
107 132
107 108
107 133
107 134
108 133
108 109
108 134
108 135
109 134
109 110
109 135
109 136
110 135
110 111
110 136
110 137
111 136
111 112
111 137
111 138
112 137
112 113
112 138
112 139
113 138
113 114
113 139
113 140
114 139
114 115
114 140
114 141
115 140
115 116
115 141
115 142
116 141
116 117
116 142
116 143
117 142
117 118
117 143
117 144
118 143
118 119
118 144
118 145
119 144
119 120
119 145
119 146
120 145
120 121
120 146
120 147
121 146
121 122
121 147
121 148
122 147
122 123
122 148
122 149
123 148
123 124
123 149
123 150
124 149
124 125
124 150
124 151
125 150
125 126
125 151
125 152
126 151
126 127
126 152
126 153
127 152
127 128
127 153
127 154
128 153
128 129
128 154
128 155
129 154
129 130
129 155
129 156
130 155
131 132
131 157
131 158
132 157
132 133
132 158
132 159
133 158
133 134
133 159
133 160
134 159
134 135
134 160
134 161
135 160
135 136
135 161
135 162
136 161
136 137
136 162
136 163
137 162
137 138
137 163
137 164
138 163
138 139
138 164
138 165
139 164
139 140
139 165
139 166
140 165
140 141
140 166
140 167
141 166
141 142
141 167
141 168
142 167
142 143
142 168
142 169
143 168
143 144
143 169
143 170
144 169
144 145
144 170
144 171
145 170
145 146
145 171
145 172
146 171
146 147
146 172
146 173
147 172
147 148
147 173
147 174
148 173
148 149
148 174
148 175
149 174
149 150
149 175
149 176
150 175
150 151
150 176
150 177
151 176
151 152
151 177
151 178
152 177
152 153
152 178
152 179
153 178
153 154
153 179
153 180
154 179
154 155
154 180
154 181
155 180
155 156
155 181
155 182
156 181
157 158
157 183
157 184
158 183
158 159
158 184
158 185
159 184
159 160
159 185
159 186
160 185
160 161
160 186
160 187
161 186
161 162
161 187
161 188
162 187
162 163
162 188
162 189
163 188
163 164
163 189
163 190
164 189
164 165
164 190
164 191
165 190
165 166
165 191
165 192
166 191
166 167
166 192
166 193
167 192
167 168
167 193
167 194
168 193
168 169
168 194
168 195
169 194
169 170
169 195
169 196
170 195
170 171
170 196
170 197
171 196
171 172
171 197
171 198
172 197
172 173
172 198
172 199
173 198
173 174
173 199
173 200
174 199
174 175
174 200
174 201
175 200
175 176
175 201
175 202
176 201
176 177
176 202
176 203
177 202
177 178
177 203
177 204
178 203
178 179
178 204
178 205
179 204
179 180
179 205
179 206
180 205
180 181
180 206
180 207
181 206
181 182
181 207
181 208
182 207
183 184
183 209
183 210
184 209
184 185
184 210
184 211
185 210
185 186
185 211
185 212
186 211
186 187
186 212
186 213
187 212
187 188
187 213
187 214
188 213
188 189
188 214
188 215
189 214
189 190
189 215
189 216
190 215
190 191
190 216
190 217
191 216
191 192
191 217
191 218
192 217
192 193
192 218
192 219
193 218
193 194
193 219
193 220
194 219
194 195
194 220
194 221
195 220
195 196
195 221
195 222
196 221
196 197
196 222
196 223
197 222
197 198
197 223
197 224
198 223
198 199
198 224
198 225
199 224
199 200
199 225
199 226
200 225
200 201
200 226
200 227
201 226
201 202
201 227
201 228
202 227
202 203
202 228
202 229
203 228
203 204
203 229
203 230
204 229
204 205
204 230
204 231
205 230
205 206
205 231
205 232
206 231
206 207
206 232
206 233
207 232
207 208
207 233
207 234
208 233
209 210
209 235
209 236
210 235
210 211
210 236
210 237
211 236
211 212
211 237
211 238
212 237
212 213
212 238
212 239
213 238
213 214
213 239
213 240
214 239
214 215
214 240
214 241
215 240
215 216
215 241
215 242
216 241
216 217
216 242
216 243
217 242
217 218
217 243
217 244
218 243
218 219
218 244
218 245
219 244
219 220
219 245
219 246
220 245
220 221
220 246
220 247
221 246
221 222
221 247
221 248
222 247
222 223
222 248
222 249
223 248
223 224
223 249
223 250
224 249
224 225
224 250
224 251
225 250
225 226
225 251
225 252
226 251
226 227
226 252
226 253
227 252
227 228
227 253
227 254
228 253
228 229
228 254
228 255
229 254
229 230
229 255
229 256
230 255
230 231
230 256
230 257
231 256
231 232
231 257
231 258
232 257
232 233
232 258
232 259
233 258
233 234
233 259
233 260
234 259
235 236
235 261
235 262
236 261
236 237
236 262
236 263
237 262
237 238
237 263
237 264
238 263
238 239
238 264
238 265
239 264
239 240
239 265
239 266
240 265
240 241
240 266
240 267
241 266
241 242
241 267
241 268
242 267
242 243
242 268
242 269
243 268
243 244
243 269
243 270
244 269
244 245
244 270
244 271
245 270
245 246
245 271
245 272
246 271
246 247
246 272
246 273
247 272
247 248
247 273
247 274
248 273
248 249
248 274
248 275
249 274
249 250
249 275
249 276
250 275
250 251
250 276
250 277
251 276
251 252
251 277
251 278
252 277
252 253
252 278
252 279
253 278
253 254
253 279
253 280
254 279
254 255
254 280
254 281
255 280
255 256
255 281
255 282
256 281
256 257
256 282
256 283
257 282
257 258
257 283
257 284
258 283
258 259
258 284
258 285
259 284
259 260
259 285
259 286
260 285
261 262
261 287
261 288
262 287
262 263
262 288
262 289
263 288
263 264
263 289
263 290
264 289
264 265
264 290
264 291
265 290
265 266
265 291
265 292
266 291
266 267
266 292
266 293
267 292
267 268
267 293
267 294
268 293
268 269
268 294
268 295
269 294
269 270
269 295
269 296
270 295
270 271
270 296
270 297
271 296
271 272
271 297
271 298
272 297
272 273
272 298
272 299
273 298
273 274
273 299
273 300
274 299
274 275
274 300
274 301
275 300
275 276
275 301
275 302
276 301
276 277
276 302
276 303
277 302
277 278
277 303
277 304
278 303
278 279
278 304
278 305
279 304
279 280
279 305
279 306
280 305
280 281
280 306
280 307
281 306
281 282
281 307
281 308
282 307
282 283
282 308
282 309
283 308
283 284
283 309
283 310
284 309
284 285
284 310
284 311
285 310
285 286
285 311
285 312
286 311
287 288
287 313
287 314
288 313
288 289
288 314
288 315
289 314
289 290
289 315
289 316
290 315
290 291
290 316
290 317
291 316
291 292
291 317
291 318
292 317
292 293
292 318
292 319
293 318
293 294
293 319
293 320
294 319
294 295
294 320
294 321
295 320
295 296
295 321
295 322
296 321
296 297
296 322
296 323
297 322
297 298
297 323
297 324
298 323
298 299
298 324
298 325
299 324
299 300
299 325
299 326
300 325
300 301
300 326
300 327
301 326
301 302
301 327
301 328
302 327
302 303
302 328
302 329
303 328
303 304
303 329
303 330
304 329
304 305
304 330
304 331
305 330
305 306
305 331
305 332
306 331
306 307
306 332
306 333
307 332
307 308
307 333
307 334
308 333
308 309
308 334
308 335
309 334
309 310
309 335
309 336
310 335
310 311
310 336
310 337
311 336
311 312
311 337
311 338
312 337
313 314
313 339
313 340
314 339
314 315
314 340
314 341
315 340
315 316
315 341
315 342
316 341
316 317
316 342
316 343
317 342
317 318
317 343
317 344
318 343
318 319
318 344
318 345
319 344
319 320
319 345
319 346
320 345
320 321
320 346
320 347
321 346
321 322
321 347
321 348
322 347
322 323
322 348
322 349
323 348
323 324
323 349
323 350
324 349
324 325
324 350
324 351
325 350
325 326
325 351
325 352
326 351
326 327
326 352
326 353
327 352
327 328
327 353
327 354
328 353
328 329
328 354
328 355
329 354
329 330
329 355
329 356
330 355
330 331
330 356
330 357
331 356
331 332
331 357
331 358
332 357
332 333
332 358
332 359
333 358
333 334
333 359
333 360
334 359
334 335
334 360
334 361
335 360
335 336
335 361
335 362
336 361
336 337
336 362
336 363
337 362
337 338
337 363
337 364
338 363
339 340
339 365
339 366
340 365
340 341
340 366
340 367
341 366
341 342
341 367
341 368
342 367
342 343
342 368
342 369
343 368
343 344
343 369
343 370
344 369
344 345
344 370
344 371
345 370
345 346
345 371
345 372
346 371
346 347
346 372
346 373
347 372
347 348
347 373
347 374
348 373
348 349
348 374
348 375
349 374
349 350
349 375
349 376
350 375
350 351
350 376
350 377
351 376
351 352
351 377
351 378
352 377
352 353
352 378
352 379
353 378
353 354
353 379
353 380
354 379
354 355
354 380
354 381
355 380
355 356
355 381
355 382
356 381
356 357
356 382
356 383
357 382
357 358
357 383
357 384
358 383
358 359
358 384
358 385
359 384
359 360
359 385
359 386
360 385
360 361
360 386
360 387
361 386
361 362
361 387
361 388
362 387
362 363
362 388
362 389
363 388
363 364
363 389
363 390
364 389
365 366
365 391
365 392
366 391
366 367
366 392
366 393
367 392
367 368
367 393
367 394
368 393
368 369
368 394
368 395
369 394
369 370
369 395
369 396
370 395
370 371
370 396
370 397
371 396
371 372
371 397
371 398
372 397
372 373
372 398
372 399
373 398
373 374
373 399
373 400
374 399
374 375
374 400
374 401
375 400
375 376
375 401
375 402
376 401
376 377
376 402
376 403
377 402
377 378
377 403
377 404
378 403
378 379
378 404
378 405
379 404
379 380
379 405
379 406
380 405
380 381
380 406
380 407
381 406
381 382
381 407
381 408
382 407
382 383
382 408
382 409
383 408
383 384
383 409
383 410
384 409
384 385
384 410
384 411
385 410
385 386
385 411
385 412
386 411
386 387
386 412
386 413
387 412
387 388
387 413
387 414
388 413
388 389
388 414
388 415
389 414
389 390
389 415
389 416
390 415
391 392
391 417
391 418
392 417
392 393
392 418
392 419
393 418
393 394
393 419
393 420
394 419
394 395
394 420
394 421
395 420
395 396
395 421
395 422
396 421
396 397
396 422
396 423
397 422
397 398
397 423
397 424
398 423
398 399
398 424
398 425
399 424
399 400
399 425
399 426
400 425
400 401
400 426
400 427
401 426
401 402
401 427
401 428
402 427
402 403
402 428
402 429
403 428
403 404
403 429
403 430
404 429
404 405
404 430
404 431
405 430
405 406
405 431
405 432
406 431
406 407
406 432
406 433
407 432
407 408
407 433
407 434
408 433
408 409
408 434
408 435
409 434
409 410
409 435
409 436
410 435
410 411
410 436
410 437
411 436
411 412
411 437
411 438
412 437
412 413
412 438
412 439
413 438
413 414
413 439
413 440
414 439
414 415
414 440
414 441
415 440
415 416
415 441
415 442
416 441
417 418
417 443
417 444
418 443
418 419
418 444
418 445
419 444
419 420
419 445
419 446
420 445
420 421
420 446
420 447
421 446
421 422
421 447
421 448
422 447
422 423
422 448
422 449
423 448
423 424
423 449
423 450
424 449
424 425
424 450
424 451
425 450
425 426
425 451
425 452
426 451
426 427
426 452
426 453
427 452
427 428
427 453
427 454
428 453
428 429
428 454
428 455
429 454
429 430
429 455
429 456
430 455
430 431
430 456
430 457
431 456
431 432
431 457
431 458
432 457
432 433
432 458
432 459
433 458
433 434
433 459
433 460
434 459
434 435
434 460
434 461
435 460
435 436
435 461
435 462
436 461
436 437
436 462
436 463
437 462
437 438
437 463
437 464
438 463
438 439
438 464
438 465
439 464
439 440
439 465
439 466
440 465
440 441
440 466
440 467
441 466
441 442
441 467
441 468
442 467
443 444
443 469
443 470
444 469
444 445
444 470
444 471
445 470
445 446
445 471
445 472
446 471
446 447
446 472
446 473
447 472
447 448
447 473
447 474
448 473
448 449
448 474
448 475
449 474
449 450
449 475
449 476
450 475
450 451
450 476
450 477
451 476
451 452
451 477
451 478
452 477
452 453
452 478
452 479
453 478
453 454
453 479
453 480
454 479
454 455
454 480
454 481
455 480
455 456
455 481
455 482
456 481
456 457
456 482
456 483
457 482
457 458
457 483
457 484
458 483
458 459
458 484
458 485
459 484
459 460
459 485
459 486
460 485
460 461
460 486
460 487
461 486
461 462
461 487
461 488
462 487
462 463
462 488
462 489
463 488
463 464
463 489
463 490
464 489
464 465
464 490
464 491
465 490
465 466
465 491
465 492
466 491
466 467
466 492
466 493
467 492
467 468
467 493
467 494
468 493
469 470
469 495
469 496
470 495
470 471
470 496
470 497
471 496
471 472
471 497
471 498
472 497
472 473
472 498
472 499
473 498
473 474
473 499
473 500
474 499
474 475
474 500
474 501
475 500
475 476
475 501
475 502
476 501
476 477
476 502
476 503
477 502
477 478
477 503
477 504
478 503
478 479
478 504
478 505
479 504
479 480
479 505
479 506
480 505
480 481
480 506
480 507
481 506
481 482
481 507
481 508
482 507
482 483
482 508
482 509
483 508
483 484
483 509
483 510
484 509
484 485
484 510
484 511
485 510
485 486
485 511
485 512
486 511
486 487
486 512
486 513
487 512
487 488
487 513
487 514
488 513
488 489
488 514
488 515
489 514
489 490
489 515
489 516
490 515
490 491
490 516
490 517
491 516
491 492
491 517
491 518
492 517
492 493
492 518
492 519
493 518
493 494
493 519
493 520
494 519
495 496
495 521
495 522
496 521
496 497
496 522
496 523
497 522
497 498
497 523
497 524
498 523
498 499
498 524
498 525
499 524
499 500
499 525
499 526
500 525
500 501
500 526
500 527
501 526
501 502
501 527
501 528
502 527
502 503
502 528
502 529
503 528
503 504
503 529
503 530
504 529
504 505
504 530
504 531
505 530
505 506
505 531
505 532
506 531
506 507
506 532
506 533
507 532
507 508
507 533
507 534
508 533
508 509
508 534
508 535
509 534
509 510
509 535
509 536
510 535
510 511
510 536
510 537
511 536
511 512
511 537
511 538
512 537
512 513
512 538
512 539
513 538
513 514
513 539
513 540
514 539
514 515
514 540
514 541
515 540
515 516
515 541
515 542
516 541
516 517
516 542
516 543
517 542
517 518
517 543
517 544
518 543
518 519
518 544
518 545
519 544
519 520
519 545
519 546
520 545
521 522
521 547
521 548
522 547
522 523
522 548
522 549
523 548
523 524
523 549
523 550
524 549
524 525
524 550
524 551
525 550
525 526
525 551
525 552
526 551
526 527
526 552
526 553
527 552
527 528
527 553
527 554
528 553
528 529
528 554
528 555
529 554
529 530
529 555
529 556
530 555
530 531
530 556
530 557
531 556
531 532
531 557
531 558
532 557
532 533
532 558
532 559
533 558
533 534
533 559
533 560
534 559
534 535
534 560
534 561
535 560
535 536
535 561
535 562
536 561
536 537
536 562
536 563
537 562
537 538
537 563
537 564
538 563
538 539
538 564
538 565
539 564
539 540
539 565
539 566
540 565
540 541
540 566
540 567
541 566
541 542
541 567
541 568
542 567
542 543
542 568
542 569
543 568
543 544
543 569
543 570
544 569
544 545
544 570
544 571
545 570
545 546
545 571
545 572
546 571
547 548
547 573
547 574
548 573
548 549
548 574
548 575
549 574
549 550
549 575
549 576
550 575
550 551
550 576
550 577
551 576
551 552
551 577
551 578
552 577
552 553
552 578
552 579
553 578
553 554
553 579
553 580
554 579
554 555
554 580
554 581
555 580
555 556
555 581
555 582
556 581
556 557
556 582
556 583
557 582
557 558
557 583
557 584
558 583
558 559
558 584
558 585
559 584
559 560
559 585
559 586
560 585
560 561
560 586
560 587
561 586
561 562
561 587
561 588
562 587
562 563
562 588
562 589
563 588
563 564
563 589
563 590
564 589
564 565
564 590
564 591
565 590
565 566
565 591
565 592
566 591
566 567
566 592
566 593
567 592
567 568
567 593
567 594
568 593
568 569
568 594
568 595
569 594
569 570
569 595
569 596
570 595
570 571
570 596
570 597
571 596
571 572
571 597
571 598
572 597
573 574
573 599
573 600
574 599
574 575
574 600
574 601
575 600
575 576
575 601
575 602
576 601
576 577
576 602
576 603
577 602
577 578
577 603
577 604
578 603
578 579
578 604
578 605
579 604
579 580
579 605
579 606
580 605
580 581
580 606
580 607
581 606
581 582
581 607
581 608
582 607
582 583
582 608
582 609
583 608
583 584
583 609
583 610
584 609
584 585
584 610
584 611
585 610
585 586
585 611
585 612
586 611
586 587
586 612
586 613
587 612
587 588
587 613
587 614
588 613
588 589
588 614
588 615
589 614
589 590
589 615
589 616
590 615
590 591
590 616
590 617
591 616
591 592
591 617
591 618
592 617
592 593
592 618
592 619
593 618
593 594
593 619
593 620
594 619
594 595
594 620
594 621
595 620
595 596
595 621
595 622
596 621
596 597
596 622
596 623
597 622
597 598
597 623
597 624
598 623
599 600
599 625
599 626
600 625
600 601
600 626
600 627
601 626
601 602
601 627
601 628
602 627
602 603
602 628
602 629
603 628
603 604
603 629
603 630
604 629
604 605
604 630
604 631
605 630
605 606
605 631
605 632
606 631
606 607
606 632
606 633
607 632
607 608
607 633
607 634
608 633
608 609
608 634
608 635
609 634
609 610
609 635
609 636
610 635
610 611
610 636
610 637
611 636
611 612
611 637
611 638
612 637
612 613
612 638
612 639
613 638
613 614
613 639
613 640
614 639
614 615
614 640
614 641
615 640
615 616
615 641
615 642
616 641
616 617
616 642
616 643
617 642
617 618
617 643
617 644
618 643
618 619
618 644
618 645
619 644
619 620
619 645
619 646
620 645
620 621
620 646
620 647
621 646
621 622
621 647
621 648
622 647
622 623
622 648
622 649
623 648
623 624
623 649
623 650
624 649
625 626
625 651
625 652
626 651
626 627
626 652
626 653
627 652
627 628
627 653
627 654
628 653
628 629
628 654
628 655
629 654
629 630
629 655
629 656
630 655
630 631
630 656
630 657
631 656
631 632
631 657
631 658
632 657
632 633
632 658
632 659
633 658
633 634
633 659
633 660
634 659
634 635
634 660
634 661
635 660
635 636
635 661
635 662
636 661
636 637
636 662
636 663
637 662
637 638
637 663
637 664
638 663
638 639
638 664
638 665
639 664
639 640
639 665
639 666
640 665
640 641
640 666
640 667
641 666
641 642
641 667
641 668
642 667
642 643
642 668
642 669
643 668
643 644
643 669
643 670
644 669
644 645
644 670
644 671
645 670
645 646
645 671
645 672
646 671
646 647
646 672
646 673
647 672
647 648
647 673
647 674
648 673
648 649
648 674
648 675
649 674
649 650
649 675
649 676
650 675
26 52
52 78
78 104
104 130
130 156
156 182
182 208
208 234
234 260
260 286
286 312
312 338
338 364
364 390
390 416
416 442
442 468
468 494
494 520
520 546
546 572
572 598
598 624
624 650
650 676
651 652
652 653
653 654
654 655
655 656
656 657
657 658
658 659
659 660
660 661
661 662
662 663
663 664
664 665
665 666
666 667
667 668
668 669
669 670
670 671
671 672
672 673
673 674
674 675
675 676
